d 8.144707 4.615819 7.251032
0 0 0 128 7.98917 4.638381 7.405448
0 0 0 128 7.839658 4.656004 7.613725
0 0 0 128 7.76435 4.644884 7.713376
0 0 0 128 7.678657 4.627317 7.848565
0 0 0 128 7.634315 4.6148 7.926615
0 0 0 128 7.525073 4.582465 8.159944
0 0 0 128 7.46517 4.556507 8.339351
0 0 0 128 7.436481 4.537496 8.449034
0 0 0 128 7.38613 4.489838 8.715599
0 0 0 128 7.373396 4.470762 8.816281
0 0 0 128 7.357947 4.415068 9.076603
0 0 0 128 7.358237 4.364617 9.251138
0 0 0 128 7.359364 4.33207 9.331861
0 0 0 128 7.374011 4.246461 9.529734
0 0 0 128 7.39306 4.187886 9.653799
0 0 0 128 7.417038 4.132501 9.763523
0 0 0 128 7.451699 4.076609 9.855718
0 0 0 128 7.490756 4.029857 9.929142
0 0 0 128 7.54118 3.988426 9.986069
0 0 0 128 7.591066 3.93501 10.01205
0 0 0 128 7.650793 3.885495 10.01808
0 0 0 128 7.718831 3.82985 10.00772
0 0 0 128 7.792446 3.7622 9.964817
0 0 0 128 7.865427 3.709331 9.900638
u 7.865427 3.709331 9.900638
