d 6.137838 7.82455 6.218013
0.9413465 0.9663364 1 128 6.154536 7.817577 6.198822
0.9413465 0.9663364 1 128 6.166707 7.807755 6.190063
0.9413465 0.9663364 1 128 6.169023 7.797564 6.190736
0.9413465 0.9663364 1 128 6.16364 7.786884 6.200282
0.9413465 0.9663364 1 128 6.149192 7.78024 6.21309
0.9413465 0.9663364 1 128 6.121248 7.774003 6.235685
0.9413465 0.9663364 1 128 6.087877 7.771487 6.261214
0.9413465 0.9663364 1 128 6.033597 7.771733 6.306767
0.9413465 0.9663364 1 128 5.978488 7.775582 6.35343
0.9413465 0.9663364 1 128 5.9243 7.781133 6.400881
0.9413465 0.9663364 1 128 5.864525 7.786625 6.456855
0.9413465 0.9663364 1 128 5.80534 7.793986 6.514211
0.9413465 0.9663364 1 128 5.749051 7.801662 6.575156
0.9413465 0.9663364 1 128 5.686526 7.811274 6.646037
0.9413465 0.9663364 1 128 5.630383 7.82212 6.715313
0.9413465 0.9663364 1 128 5.57548 7.83608 6.785131
0.9413465 0.9663364 1 128 5.521948 7.853482 6.856481
0.9413465 0.9663364 1 128 5.468649 7.87512 6.933228
0.9413465 0.9663364 1 128 5.421115 7.898969 7.007792
0.9413465 0.9663364 1 128 5.370259 7.926866 7.091997
0.9413465 0.9663364 1 128 5.325514 7.951681 7.171012
0.9413465 0.9663364 1 128 5.284029 7.978474 7.25032
0.9413465 0.9663364 1 128 5.24473 8.006603 7.329545
0.9413465 0.9663364 1 128 5.206228 8.037455 7.411588
0.9413465 0.9663364 1 128 5.171863 8.068301 7.491321
0.9413465 0.9663364 1 128 5.141162 8.100241 7.571994
0.9413465 0.9663364 1 128 5.110293 8.132751 7.652687
0.9413465 0.9663364 1 128 5.084119 8.163603 7.732016
0.9413465 0.9663364 1 128 5.060609 8.194687 7.812943
0.9413465 0.9663364 1 128 5.040832 8.22455 7.892944
0.9413465 0.9663364 1 128 5.021029 8.256389 7.977536
0.9413465 0.9663364 1 128 5.004997 8.287643 8.057611
0.9413465 0.9663364 1 128 4.991381 8.318201 8.13641
0.9413465 0.9663364 1 128 4.980676 8.348088 8.215045
0.9413465 0.9663364 1 128 4.972218 8.377306 8.295494
0.9413465 0.9663364 1 128 4.965773 8.406484 8.374662
0.9413465 0.9663364 1 128 4.961171 8.43739 8.459546
0.9413465 0.9663364 1 128 4.958253 8.466171 8.539122
0.9413465 0.9663364 1 128 4.957494 8.496106 8.618906
0.9413465 0.9663364 1 128 4.957873 8.525897 8.694991
0.9413465 0.9663364 1 128 4.961249 8.558355 8.783112
0.9413465 0.9663364 1 128 4.966482 8.588656 8.86549
0.9413465 0.9663364 1 128 4.972385 8.616866 8.943239
0.9413465 0.9663364 1 128 4.97923 8.643867 9.021778
0.9413465 0.9663364 1 128 4.985519 8.667285 9.091492
0.9413465 0.9663364 1 128 4.994581 8.691319 9.170664
0.9413465 0.9663364 1 128 5.006352 8.713626 9.250795
0.9413465 0.9663364 1 128 5.019033 8.734648 9.328753
0.9413465 0.9663364 1 128 5.031939 8.754404 9.400145
0.9413465 0.9663364 1 128 5.047472 8.776604 9.481085
0.9413465 0.9663364 1 128 5.064619 8.79824 9.56572
0.9413465 0.9663364 1 128 5.083117 8.817191 9.647313
0.9413465 0.9663364 1 128 5.102568 8.835441 9.727005
0.9413465 0.9663364 1 128 5.123559 8.853466 9.804144
0.9413465 0.9663364 1 128 5.145446 8.872901 9.878994
0.9413465 0.9663364 1 128 5.171113 8.892733 9.948908
0.9413465 0.9663364 1 128 5.200049 8.913225 10.01858
0.9413465 0.9663364 1 128 5.224795 8.928819 10.07516
0.9413465 0.9663364 1 128 5.255234 8.945538 10.1421
0.9413465 0.9663364 1 128 5.283771 8.962441 10.19803
0.9413465 0.9663364 1 128 5.315226 8.982821 10.25458
0.9413465 0.9663364 1 128 5.349044 9.003477 10.30523
0.9413465 0.9663364 1 128 5.384948 9.021759 10.35721
0.9413465 0.9663364 1 128 5.418386 9.036427 10.40616
0.9413465 0.9663364 1 128 5.452998 9.050711 10.45386
0.9413465 0.9663364 1 128 5.488628 9.06862 10.50705
0.9413465 0.9663364 1 128 5.522851 9.083464 10.55576
0.9413465 0.9663364 1 128 5.561416 9.098155 10.60699
0.9413465 0.9663364 1 128 5.599854 9.110011 10.65391
0.9413465 0.9663364 1 128 5.638515 9.11958 10.69629
0.9413465 0.9663364 1 128 5.682636 9.128592 10.74038
0.9413465 0.9663364 1 128 5.714509 9.134134 10.76987
0.9413465 0.9663364 1 128 5.75602 9.139081 10.80592
0.9413465 0.9663364 1 128 5.795172 9.143649 10.837
0.9413465 0.9663364 1 128 5.839746 9.147785 10.8693
0.9413465 0.9663364 1 128 5.902441 9.145925 10.91551
0.9413465 0.9663364 1 128 5.942418 9.140423 10.94462
0.9413465 0.9663364 1 128 5.987788 9.128725 10.97683
0.9413465 0.9663364 1 128 6.025283 9.114758 11.00293
u 6.025283 9.114758 11.00293
d 5.984626 5.573274 8.961105
0.9413465 0.9663364 1 128 5.988979 5.552933 8.92659
0.9413465 0.9663364 1 128 5.984488 5.549804 8.914305
0.9413465 0.9663364 1 128 5.977119 5.548457 8.900028
0.9413465 0.9663364 1 128 5.97186 5.55599 8.885458
0.9413465 0.9663364 1 128 5.966506 5.56688 8.868307
0.9413465 0.9663364 1 128 5.959594 5.587795 8.847529
0.9413465 0.9663364 1 128 5.945881 5.621042 8.829598
0.9413465 0.9663364 1 128 5.939394 5.643825 8.815674
0.9413465 0.9663364 1 128 5.937077 5.664339 8.801142
0.9413465 0.9663364 1 128 5.924435 5.711812 8.780865
0.9413465 0.9663364 1 128 5.910461 5.744045 8.770111
0.9413465 0.9663364 1 128 5.893975 5.782075 8.761016
0.9413465 0.9663364 1 128 5.871732 5.853151 8.743166
0.9413465 0.9663364 1 128 5.865571 5.892107 8.736681
0.9413465 0.9663364 1 128 5.873367 5.920424 8.735574
0.9413465 0.9663364 1 128 5.858253 6.017827 8.736958
0.9413465 0.9663364 1 128 5.854192 6.058963 8.737709
0.9413465 0.9663364 1 128 5.836162 6.124609 8.735332
0.9413465 0.9663364 1 128 5.796682 6.237557 8.741405
0.9413465 0.9663364 1 128 5.778665 6.312831 8.742584
0.9413465 0.9663364 1 128 5.766925 6.371253 8.741805
0.9413465 0.9663364 1 128 5.753812 6.426208 8.739042
0.9413465 0.9663364 1 128 5.732532 6.49829 8.737455
0.9413465 0.9663364 1 128 5.710015 6.613492 8.729305
0.9413465 0.9663364 1 128 5.698491 6.654534 8.728093
0.9413465 0.9663364 1 128 5.672348 6.76675 8.718819
0.9413465 0.9663364 1 128 5.663894 6.828539 8.709728
0.9413465 0.9663364 1 128 5.661672 6.864721 8.704283
0.9413465 0.9663364 1 128 5.652574 6.983592 8.685104
0.9413465 0.9663364 1 128 5.647677 7.037667 8.678884
0.9413465 0.9663364 1 128 5.643806 7.083504 8.673035
0.9413465 0.9663364 1 128 5.64434 7.1512 8.662942
0.9413465 0.9663364 1 128 5.644526 7.23345 8.648895
0.9413465 0.9663364 1 128 5.644867 7.293511 8.637976
0.9413465 0.9663364 1 128 5.641533 7.347434 8.627669
0.9413465 0.9663364 1 128 5.639962 7.454762 8.611402
0.9413465 0.9663364 1 128 5.644701 7.489945 8.601543
0.9413465 0.9663364 1 128 5.64774 7.537526 8.59282
0.9413465 0.9663364 1 128 5.642982 7.586185 8.584443
0.9413465 0.9663364 1 128 5.638573 7.658507 8.573486
0.9413465 0.9663364 1 128 5.630769 7.697721 8.568377
0.9413465 0.9663364 1 128 5.622337 7.74475 8.560973
0.9413465 0.9663364 1 128 5.612869 7.828522 8.545788
0.9413465 0.9663364 1 128 5.609227 7.873501 8.537775
0.9413465 0.9663364 1 128 5.601116 7.930113 8.524092
0.9413465 0.9663364 1 128 5.59267 8.040233 8.499498
0.9413465 0.9663364 1 128 5.589064 8.077045 8.489355
0.9413465 0.9663364 1 128 5.584483 8.126043 8.47584
0.9413465 0.9663364 1 128 5.576386 8.226886 8.448504
0.9413465 0.9663364 1 128 5.570037 8.272135 8.433806
0.9413465 0.9663364 1 128 5.55417 8.316893 8.421041
0.9413465 0.9663364 1 128 5.526136 8.423094 8.388911
0.9413465 0.9663364 1 128 5.514653 8.457292 8.375368
0.9413465 0.9663364 1 128 5.496842 8.504956 8.355165
0.9413465 0.9663364 1 128 5.46313 8.597785 8.319592
0.9413465 0.9663364 1 128 5.446442 8.641233 8.29969
0.9413465 0.9663364 1 128 5.426046 8.684238 8.279467
0.9413465 0.9663364 1 128 5.386186 8.774508 8.235271
0.9413465 0.9663364 1 128 5.373682 8.80048 8.220409
0.9413465 0.9663364 1 128 5.343304 8.854185 8.191475
0.9413465 0.9663364 1 128 5.293914 8.937265 8.148368
0.9413465 0.9663364 1 128 5.270571 8.973705 8.128538
0.9413465 0.9663364 1 128 5.245309 9.001973 8.109455
0.9413465 0.9663364 1 128 5.187434 9.075462 8.06396
0.9413465 0.9663364 1 128 5.162959 9.105644 8.045392
0.9413465 0.9663364 1 128 5.143053 9.126613 8.02704
0.9413465 0.9663364 1 128 5.086977 9.17686 7.987347
0.9413465 0.9663364 1 128 5.056737 9.190934 7.971651
0.9413465 0.9663364 1 128 5.018919 9.201434 7.952877
0.9413465 0.9663364 1 128 4.937027 9.216187 7.917996
0.9413465 0.9663364 1 128 4.903139 9.216496 7.906373
0.9413465 0.9663364 1 128 4.858614 9.219115 7.88972
0.9413465 0.9663364 1 128 4.756747 9.212792 7.858328
0.9413465 0.9663364 1 128 4.711192 9.209605 7.842419
0.9413465 0.9663364 1 128 4.640642 9.19092 7.824463
0.9413465 0.9663364 1 128 4.578198 9.165536 7.809283
0.9413465 0.9663364 1 128 4.525943 9.139718 7.797368
0.9413465 0.9663364 1 128 4.453662 9.09703 7.782727
0.9413465 0.9663364 1 128 4.40236 9.059464 7.77702
0.9413465 0.9663364 1 128 4.355822 9.021404 7.772839
0.9413465 0.9663364 1 128 4.278224 8.9512 7.770713
0.9413465 0.9663364 1 128 4.242506 8.916495 7.770716
0.9413465 0.9663364 1 128 4.199594 8.871439 7.7749
0.9413465 0.9663364 1 128 4.157621 8.816495 7.784012
0.9413465 0.9663364 1 128 4.102151 8.719667 7.812651
0.9413465 0.9663364 1 128 4.080382 8.674975 7.82871
0.9413465 0.9663364 1 128 4.058799 8.617126 7.848077
0.9413465 0.9663364 1 128 4.035008 8.541886 7.873824
0.9413465 0.9663364 1 128 4.015905 8.421927 7.917727
0.9413465 0.9663364 1 128 4.011803 8.343569 7.940029
0.9413465 0.9663364 1 128 4.016788 8.264861 7.956108
0.9413465 0.9663364 1 128 4.039904 8.128238 7.98585
0.9413465 0.9663364 1 128 4.055084 8.071358 7.991532
0.9413465 0.9663364 1 128 4.074685 8.021158 7.993998
0.9413465 0.9663364 1 128 4.103226 7.951653 7.99359
0.9413465 0.9663364 1 128 4.16081 7.834396 7.986907
0.9413465 0.9663364 1 128 4.197507 7.774694 7.975804
0.9413465 0.9663364 1 128 4.23338 7.723927 7.966884
0.9413465 0.9663364 1 128 4.313391 7.619932 7.943526
0.9413465 0.9663364 1 128 4.354196 7.574073 7.931731
0.9413465 0.9663364 1 128 4.411892 7.516608 7.913744
0.9413465 0.9663364 1 128 4.478574 7.460581 7.888012
0.9413465 0.9663364 1 128 4.576734 7.384066 7.855007
0.9413465 0.9663364 1 128 4.63163 7.342879 7.83554
0.9413465 0.9663364 1 128 4.69135 7.310143 7.814083
0.9413465 0.9663364 1 128 4.805371 7.260909 7.777041
0.9413465 0.9663364 1 128 4.849975 7.244912 7.762061
0.9413465 0.9663364 1 128 4.907135 7.227461 7.740977
0.9413465 0.9663364 1 128 5.042193 7.190021 7.705708
0.9413465 0.9663364 1 128 5.086962 7.188059 7.68526
0.9413465 0.9663364 1 128 5.14158 7.182622 7.669562
0.9413465 0.9663364 1 128 5.27095 7.161375 7.633652
0.9413465 0.9663364 1 128 5.32541 7.152533 7.619038
0.9413465 0.9663364 1 128 5.390874 7.147835 7.597473
0.9413465 0.9663364 1 128 5.523534 7.144189 7.564871
0.9413465 0.9663364 1 128 5.570571 7.146614 7.55486
0.9413465 0.9663364 1 128 5.623128 7.155519 7.539675
0.9413465 0.9663364 1 128 5.745561 7.18226 7.508596
0.9413465 0.9663364 1 128 5.790785 7.201705 7.495579
0.9413465 0.9663364 1 128 5.835835 7.234046 7.485661
0.9413465 0.9663364 1 128 5.935424 7.310267 7.4605
0.9413465 0.9663364 1 128 5.973619 7.352812 7.453554
0.9413465 0.9663364 1 128 6.032436 7.415668 7.444383
0.9413465 0.9663364 1 128 6.123355 7.523284 7.43342
0.9413465 0.9663364 1 128 6.16576 7.574332 7.429659
0.9413465 0.9663364 1 128 6.218029 7.641485 7.426287
0.9413465 0.9663364 1 128 6.305747 7.765564 7.426736
0.9413465 0.9663364 1 128 6.34816 7.824843 7.430862
0.9413465 0.9663364 1 128 6.374113 7.871656 7.434149
0.9413465 0.9663364 1 128 6.433761 7.977548 7.444213
0.9413465 0.9663364 1 128 6.46376 8.023182 7.446335
0.9413465 0.9663364 1 128 6.524959 8.12801 7.45504
0.9413465 0.9663364 1 128 6.55261 8.18124 7.461268
0.9413465 0.9663364 1 128 6.596525 8.27249 7.476426
0.9413465 0.9663364 1 128 6.658756 8.413509 7.506605
0.9413465 0.9663364 1 128 6.691084 8.49261 7.532502
0.9413465 0.9663364 1 128 6.739536 8.611707 7.57189
0.9413465 0.9663364 1 128 6.768407 8.693989 7.610831
0.9413465 0.9663364 1 128 6.816258 8.821944 7.677268
0.9413465 0.9663364 1 128 6.836765 8.877234 7.716005
0.9413465 0.9663364 1 128 6.866765 8.94027 7.758157
u 6.866765 8.94027 7.758157
d 6.98726 9.595185 9.101097
0.9413465 0.9663364 1 128 6.974807 9.583915 9.117813
0.9413465 0.9663364 1 128 6.953093 9.569718 9.147416
0.9413465 0.9663364 1 128 6.945699 9.557164 9.162567
0.9413465 0.9663364 1 128 6.930259 9.548875 9.170198
0.9413465 0.9663364 1 128 6.913251 9.539162 9.171961
0.9413465 0.9663364 1 128 6.885536 9.528653 9.174872
0.9413465 0.9663364 1 128 6.867023 9.525693 9.168665
0.9413465 0.9663364 1 128 6.845487 9.519633 9.164965
0.9413465 0.9663364 1 128 6.813516 9.512711 9.157673
0.9413465 0.9663364 1 128 6.79493 9.507121 9.14786
0.9413465 0.9663364 1 128 6.743856 9.501009 9.126978
0.9413465 0.9663364 1 128 6.705126 9.49738 9.116611
0.9413465 0.9663364 1 128 6.673913 9.494275 9.113077
0.9413465 0.9663364 1 128 6.620704 9.489151 9.098959
0.9413465 0.9663364 1 128 6.54238 9.491206 9.080287
0.9413465 0.9663364 1 128 6.511726 9.492318 9.075699
0.9413465 0.9663364 1 128 6.455972 9.497403 9.067423
0.9413465 0.9663364 1 128 6.396301 9.501392 9.054351
0.9413465 0.9663364 1 128 6.285541 9.517303 9.037805
0.9413465 0.9663364 1 128 6.221697 9.524311 9.027829
0.9413465 0.9663364 1 128 6.166722 9.52722 9.019691
0.9413465 0.9663364 1 128 6.054486 9.540875 9.00055
0.9413465 0.9663364 1 128 5.999471 9.547411 8.988992
0.9413465 0.9663364 1 128 5.945772 9.553658 8.9738
0.9413465 0.9663364 1 128 5.8254 9.579685 8.940919
0.9413465 0.9663364 1 128 5.774329 9.588999 8.9258
0.9413465 0.9663364 1 128 5.716511 9.59893 8.91116
0.9413465 0.9663364 1 128 5.646222 9.605056 8.891874
0.9413465 0.9663364 1 128 5.522852 9.620279 8.854203
0.9413465 0.9663364 1 128 5.461311 9.617883 8.838015
0.9413465 0.9663364 1 128 5.337256 9.618174 8.79595
0.9413465 0.9663364 1 128 5.243973 9.613978 8.764648
0.9413465 0.9663364 1 128 5.200121 9.607115 8.748681
0.9413465 0.9663364 1 128 5.131657 9.597549 8.720785
0.9413465 0.9663364 1 128 5.061005 9.585787 8.694615
0.9413465 0.9663364 1 128 5.017663 9.573238 8.670712
0.9413465 0.9663364 1 128 4.918469 9.546704 8.620725
0.9413465 0.9663364 1 128 4.874068 9.527719 8.599665
0.9413465 0.9663364 1 128 4.828062 9.50161 8.575653
0.9413465 0.9663364 1 128 4.744246 9.446269 8.524872
0.9413465 0.9663364 1 128 4.711205 9.416028 8.507155
0.9413465 0.9663364 1 128 4.666302 9.369254 8.479948
0.9413465 0.9663364 1 128 4.632561 9.321095 8.445505
0.9413465 0.9663364 1 128 4.589437 9.247288 8.394348
0.9413465 0.9663364 1 128 4.575625 9.210712 8.361503
0.9413465 0.9663364 1 128 4.559966 9.169721 8.318002
0.9413465 0.9663364 1 128 4.548909 9.119986 8.271465
0.9413465 0.9663364 1 128 4.536486 9.065241 8.222111
0.9413465 0.9663364 1 128 4.530574 8.970178 8.1399
0.9413465 0.9663364 1 128 4.528481 8.915313 8.109045
0.9413465 0.9663364 1 128 4.527464 8.859079 8.065563
0.9413465 0.9663364 1 128 4.540329 8.746078 7.99008
0.9413465 0.9663364 1 128 4.554502 8.66579 7.949271
0.9413465 0.9663364 1 128 4.576364 8.591126 7.914385
0.9413465 0.9663364 1 128 4.62177 8.473073 7.850887
0.9413465 0.9663364 1 128 4.678489 8.400757 7.797933
0.9413465 0.9663364 1 128 4.790812 8.275401 7.694086
0.9413465 0.9663364 1 128 4.848377 8.220288 7.630398
0.9413465 0.9663364 1 128 4.895909 8.16498 7.567221
0.9413465 0.9663364 1 128 4.966548 8.093863 7.48057
0.9413465 0.9663364 1 128 5.041705 8.033033 7.421493
0.9413465 0.9663364 1 128 5.187342 7.933231 7.240322
0.9413465 0.9663364 1 128 5.303433 7.878076 7.112867
0.9413465 0.9663364 1 128 5.427268 7.859968 7.053765
0.9413465 0.9663364 1 128 5.524736 7.885308 6.937015
0.9413465 0.9663364 1 128 5.730811 7.918416 6.774602
0.9413465 0.9663364 1 128 5.876745 7.950044 6.699758
0.9413465 0.9663364 1 128 6.004797 7.978843 6.673037
u 6.004797 7.978843 6.673037
d 8.300163 8.573574 6.148167
0.9413465 0.9663364 1 128 8.242912 8.567373 6.059116
0.9413465 0.9663364 1 128 8.197741 8.562089 5.997783
0.9413465 0.9663364 1 128 8.147974 8.565019 5.930514
0.9413465 0.9663364 1 128 8.098335 8.580765 5.86456
0.9413465 0.9663364 1 128 8.045364 8.597223 5.795509
0.9413465 0.9663364 1 128 7.979751 8.610201 5.726819
0.9413465 0.9663364 1 128 7.878232 8.651044 5.624627
0.9413465 0.9663364 1 128 7.823652 8.686881 5.571958
0.9413465 0.9663364 1 128 7.744275 8.731744 5.507318
0.9413465 0.9663364 1 128 7.681368 8.768532 5.460801
0.9413465 0.9663364 1 128 7.641603 8.796116 5.434764
0.9413465 0.9663364 1 128 7.595132 8.83725 5.406986
0.9413465 0.9663364 1 128 7.545241 8.874786 5.378256
0.9413465 0.9663364 1 128 7.442549 8.943602 5.341537
0.9413465 0.9663364 1 128 7.376466 8.986335 5.323508
0.9413465 0.9663364 1 128 7.318542 9.027185 5.315681
0.9413465 0.9663364 1 128 7.245908 9.07931 5.3125
0.9413465 0.9663364 1 128 7.192377 9.118064 5.312364
0.9413465 0.9663364 1 128 7.132486 9.156694 5.315985
0.9413465 0.9663364 1 128 7.022597 9.218339 5.345885
0.9413465 0.9663364 1 128 6.967181 9.248792 5.360207
0.9413465 0.9663364 1 128 6.905522 9.285321 5.381577
0.9413465 0.9663364 1 128 6.842037 9.322732 5.409194
0.9413465 0.9663364 1 128 6.776752 9.358374 5.435967
0.9413465 0.9663364 1 128 6.675427 9.411147 5.498032
0.9413465 0.9663364 1 128 6.616067 9.440977 5.538532
0.9413465 0.9663364 1 128 6.567377 9.465645 5.564195
0.9413465 0.9663364 1 128 6.455084 9.521866 5.659687
0.9413465 0.9663364 1 128 6.418763 9.5445 5.698046
0.9413465 0.9663364 1 128 6.368388 9.578795 5.749494
0.9413465 0.9663364 1 128 6.277526 9.639488 5.871189
0.9413465 0.9663364 1 128 6.24332 9.661696 5.921771
0.9413465 0.9663364 1 128 6.209767 9.680527 5.967259
0.9413465 0.9663364 1 128 6.128701 9.734734 6.115603
0.9413465 0.9663364 1 128 6.086798 9.762385 6.193345
0.9413465 0.9663364 1 128 6.052969 9.781091 6.259795
0.9413465 0.9663364 1 128 5.984063 9.819547 6.417707
0.9413465 0.9663364 1 128 5.999129 9.80739 6.371562
0.9413465 0.9663364 1 128 5.903284 9.866019 6.636515
0.9413465 0.9663364 1 128 5.861285 9.897583 6.788228
0.9413465 0.9663364 1 128 5.832696 9.916088 6.886561
0.9413465 0.9663364 1 128 5.794054 9.94591 7.064428
0.9413465 0.9663364 1 128 5.770756 9.965171 7.170874
0.9413465 0.9663364 1 128 5.759511 9.976433 7.247039
0.9413465 0.9663364 1 128 5.730228 10.01007 7.465812
0.9413465 0.9663364 1 128 5.714898 10.01534 7.543231
0.9413465 0.9663364 1 128 5.688671 10.03725 7.791863
0.9413465 0.9663364 1 128 5.689989 10.03255 7.730062
0.9413465 0.9663364 1 128 5.659986 10.0676 8.10259
0.9413465 0.9663364 1 128 5.661038 10.06539 8.07653
0.9413465 0.9663364 1 128 5.663476 10.10009 8.58337
0.9413465 0.9663364 1 128 5.678131 10.10998 8.749323
0.9413465 0.9663364 1 128 5.710297 10.12003 9.002783
0.9413465 0.9663364 1 128 5.743195 10.12983 9.19015
0.9413465 0.9663364 1 128 5.781055 10.13416 9.375155
0.9413465 0.9663364 1 128 5.76806 10.13294 9.317686
0.9413465 0.9663364 1 128 5.862344 10.1184 9.72347
0.9413465 0.9663364 1 128 5.91731 10.10381 9.921173
0.9413465 0.9663364 1 128 5.981241 10.09874 10.10973
0.9413465 0.9663364 1 128 5.962296 10.10028 10.05609
0.9413465 0.9663364 1 128 6.088673 10.099 10.4137
0.9413465 0.9663364 1 128 6.160358 10.10549 10.57738
0.9413465 0.9663364 1 128 6.225584 10.11176 10.70997
0.9413465 0.9663364 1 128 6.35375 10.1035 10.90152
u 6.35375 10.1035 10.90152
d 7.533725 11.04379 5.242516
0.2371402 1 0.9376632 128 7.521307 11.09563 5.040792
0.2371402 1 0.9376632 128 7.460856 11.08964 4.851693
0.2371402 1 0.9376632 128 7.428899 11.03757 4.775532
0.2371402 1 0.9376632 128 7.436621 11.04081 4.773111
0.2371402 1 0.9376632 128 7.407666 10.96076 4.713416
0.2371402 1 0.9376632 128 7.384295 10.92207 4.692894
0.2371402 1 0.9376632 128 7.353973 10.82076 4.654826
0.2371402 1 0.9376632 128 7.347034 10.81104 4.651706
0.2371402 1 0.9376632 128 7.30705 10.67009 4.625879
0.2371402 1 0.9376632 128 7.286198 10.61415 4.624123
0.2371402 1 0.9376632 128 7.26975 10.56182 4.628247
0.2371402 1 0.9376632 128 7.250468 10.50254 4.642862
0.2371402 1 0.9376632 128 7.230746 10.45068 4.655885
0.2371402 1 0.9376632 128 7.19297 10.34406 4.701258
0.2371402 1 0.9376632 128 7.17423 10.29517 4.723316
0.2371402 1 0.9376632 128 7.151238 10.23638 4.750204
0.2371402 1 0.9376632 128 7.130708 10.18091 4.776258
0.2371402 1 0.9376632 128 7.115706 10.13297 4.80076
0.2371402 1 0.9376632 128 7.085924 10.03751 4.863075
0.2371402 1 0.9376632 128 7.071234 9.996859 4.898896
0.2371402 1 0.9376632 128 7.050366 9.950387 4.938925
0.2371402 1 0.9376632 128 7.030761 9.911154 4.975965
0.2371402 1 0.9376632 128 7.016829 9.873299 5.012852
0.2371402 1 0.9376632 128 6.999658 9.808365 5.095169
0.2371402 1 0.9376632 128 6.991457 9.781864 5.141275
0.1329889 0.5608029 0.5258442 128 6.973335 9.759552 5.184083
0.1329889 0.5608029 0.5258442 128 6.959954 9.728653 5.232353
0.1329889 0.5608029 0.5258442 128 6.947428 9.691616 5.310024
0.1329889 0.5608029 0.5258442 128 6.940483 9.675703 5.348803
0.1329889 0.5608029 0.5258442 128 6.931596 9.660572 5.396565
0.1329889 0.5608029 0.5258442 128 6.924706 9.651808 5.442963
0.1329889 0.5608029 0.5258442 128 6.91295 9.644265 5.53602
0.1329889 0.5608029 0.5258442 128 6.916339 9.64352 5.501942
0.1329889 0.5608029 0.5258442 128 6.909164 9.632542 5.647536
0.1329889 0.5608029 0.5258442 128 6.915884 9.626588 5.700716
0.1329889 0.5608029 0.5258442 128 6.928758 9.621824 5.799465
0.1329889 0.5608029 0.5258442 128 6.936163 9.622861 5.83495
0.1329889 0.5608029 0.5258442 128 6.972634 9.631878 5.978968
0.1329889 0.5608029 0.5258442 128 7.000473 9.647472 6.070136
0.1329889 0.5608029 0.5258442 128 6.989889 9.639132 6.031174
0.1329889 0.5608029 0.5258442 128 7.045871 9.68882 6.196167
0.1329889 0.5608029 0.5258442 128 7.058639 9.702055 6.229372
0.1329889 0.5608029 0.5258442 128 7.072639 9.712283 6.260149
0.1329889 0.5608029 0.5258442 128 7.111741 9.745575 6.33337
0.1329889 0.5608029 0.5258442 128 7.146108 9.770724 6.385732
0.1329889 0.5608029 0.5258442 128 7.170066 9.787657 6.421851
0.1329889 0.5608029 0.5258442 128 7.195922 9.804668 6.458403
0.1329889 0.5608029 0.5258442 128 7.220481 9.816867 6.490475
0.1329889 0.5608029 0.5258442 128 7.261526 9.841501 6.545288
0.1329889 0.5608029 0.5258442 128 7.286438 9.854347 6.578295
0.1329889 0.5608029 0.5258442 128 7.306237 9.865153 6.604928
0.1329889 0.5608029 0.5258442 128 7.327588 9.876413 6.632451
0.1329889 0.5608029 0.5258442 128 7.364523 9.893565 6.675909
0.1329889 0.5608029 0.5258442 128 7.385293 9.898109 6.692631
0.1329889 0.5608029 0.5258442 128 7.404427 9.901584 6.709595
0.1329889 0.5608029 0.5258442 128 7.440946 9.905676 6.736678
u 7.440946 9.905676 6.736678
d 6.18473 8.500906 5.743323
0.5608029 0.284243 0.1512918 128 6.149605 8.491424 5.719546
0.6472741 0.3280709 0.1746197 128 6.108979 8.477866 5.690974
0.6472741 0.3280709 0.1746197 128 6.026467 8.449029 5.634233
0.6539433 0.3314512 0.1764189 128 5.980676 8.433125 5.596633
0.6539433 0.3314512 0.1764189 128 5.924915 8.414681 5.55981
0.6539433 0.3314512 0.1764189 128 5.868683 8.395103 5.520666
0.6621546 0.3356131 0.1786342 128 5.815288 8.378113 5.485778
0.6621546 0.3356131 0.1786342 128 5.692277 8.340746 5.410244
0.6621546 0.3356131 0.1786342 128 5.633383 8.326807 5.38042
0.6621546 0.3356131 0.1786342 128 5.55801 8.31241 5.343506
0.6621546 0.3356131 0.1786342 128 5.491547 8.302389 5.312604
0.6621546 0.3356131 0.1786342 128 5.423909 8.292498 5.284573
0.6621546 0.3356131 0.1786342 128 5.352051 8.282089 5.256443
0.6621546 0.3356131 0.1786342 128 5.283329 8.271894 5.231888
0.6621546 0.3356131 0.1786342 128 5.20767 8.270559 5.212999
0.6621546 0.3356131 0.1786342 128 5.076368 8.273843 5.188971
0.6621546 0.3356131 0.1786342 128 5.009106 8.278211 5.180099
0.6621546 0.3356131 0.1786342 128 4.955594 8.281816 5.170539
0.6621546 0.3356131 0.1786342 128 4.849442 8.291837 5.157201
0.6621546 0.3356131 0.1786342 128 4.797204 8.298739 5.151136
0.6621546 0.3356131 0.1786342 128 4.740654 8.307391 5.145574
0.6621546 0.3356131 0.1786342 128 4.664029 8.324357 5.14001
0.6621546 0.3356131 0.1786342 128 4.610395 8.337016 5.13694
0.6621546 0.3356131 0.1786342 128 4.539604 8.35576 5.134759
0.6621546 0.3356131 0.1786342 128 4.467165 8.378247 5.134407
0.6621546 0.3356131 0.1786342 128 4.406585 8.400731 5.137879
0.6621546 0.3356131 0.1786342 128 4.274729 8.447645 5.146944
0.6621546 0.3356131 0.1786342 128 4.216926 8.470059 5.154714
0.6621546 0.3356131 0.1786342 128 4.165296 8.492423 5.161242
0.6621546 0.3356131 0.1786342 128 4.116827 8.513273 5.166939
0.6621546 0.3356131 0.1786342 128 4.042953 8.551975 5.179806
0.6752002 0.3422253 0.1821536 128 3.993602 8.585515 5.190244
0.6752002 0.3422253 0.1821536 128 3.957484 8.617362 5.200503
0.6752002 0.3422253 0.1821536 128 3.926972 8.645322 5.208758
0.6752002 0.3422253 0.1821536 128 3.887098 8.68451 5.218959
0.6752002 0.3422253 0.1821536 128 3.859267 8.718634 5.224555
0.6752002 0.3422253 0.1821536 128 3.831993 8.761972 5.228062
0.6752002 0.3422253 0.1821536 128 3.789623 8.83927 5.23131
0.6752002 0.3422253 0.1821536 128 3.77428 8.880749 5.229904
0.6752002 0.3422253 0.1821536 128 3.762913 8.943613 5.226733
0.6752002 0.3422253 0.1821536 128 3.75785 9.001375 5.224163
0.6752002 0.3422253 0.1821536 128 3.755728 9.075464 5.222162
0.6752002 0.3422253 0.1821536 128 3.754404 9.156344 5.223536
0.6752002 0.3422253 0.1821536 128 3.754487 9.231503 5.225073
0.6752002 0.3422253 0.1821536 128 3.758441 9.303735 5.228446
0.6752002 0.3422253 0.1821536 128 3.769038 9.378242 5.231925
0.6752002 0.3422253 0.1821536 128 3.788479 9.448555 5.234653
0.6796077 0.3444592 0.1833426 128 3.818655 9.524641 5.238898
0.6796077 0.3444592 0.1833426 128 3.884998 9.655702 5.248325
0.6796077 0.3444592 0.1833426 128 3.926892 9.718193 5.256076
0.6796077 0.3444592 0.1833426 128 3.967673 9.770525 5.264279
0.6796077 0.3444592 0.1833426 128 4.025781 9.835945 5.27739
0.6796077 0.3444592 0.1833426 128 4.06942 9.878351 5.290447
0.6796077 0.3444592 0.1833426 128 4.125265 9.926921 5.306302
0.6796077 0.3444592 0.1833426 128 4.202154 9.98155 5.328292
0.6796077 0.3444592 0.1833426 128 4.275277 10.02228 5.34523
0.6796077 0.3444592 0.1833426 128 4.3683 10.07047 5.369807
0.6796077 0.3444592 0.1833426 128 4.457581 10.11095 5.395091
0.6796077 0.3444592 0.1833426 128 4.550409 10.14623 5.422432
0.6796077 0.3444592 0.1833426 128 4.656081 10.1786 5.453969
0.6796077 0.3444592 0.1833426 128 4.756163 10.20073 5.48019
0.6796077 0.3444592 0.1833426 128 4.869003 10.22287 5.510124
0.6800503 0.3446836 0.183462 128 4.970387 10.23849 5.543083
0.6800503 0.3446836 0.183462 128 5.077416 10.24922 5.572528
0.6800503 0.3446836 0.183462 128 5.19673 10.2587 5.607906
0.6800503 0.3446836 0.183462 128 5.305976 10.26435 5.641514
0.6800503 0.3446836 0.183462 128 5.417813 10.26788 5.675936
0.6800503 0.3446836 0.183462 128 5.541029 10.26593 5.715932
0.6800503 0.3446836 0.183462 128 5.652993 10.26076 5.75501
0.6800503 0.3446836 0.183462 128 5.769567 10.25073 5.794758
0.6800503 0.3446836 0.183462 128 5.894719 10.23506 5.834605
0.6800503 0.3446836 0.183462 128 6.021711 10.22173 5.875165
0.6800503 0.3446836 0.183462 128 6.149201 10.20315 5.919785
0.6800503 0.3446836 0.183462 128 6.250144 10.18703 5.953958
0.6800503 0.3446836 0.183462 128 6.371872 10.16466 5.994903
0.6800503 0.3446836 0.183462 128 6.470664 10.14398 6.03108
0.6800503 0.3446836 0.183462 128 6.593465 10.11202 6.077673
0.6800503 0.3446836 0.183462 128 6.699689 10.07736 6.119238
0.6800503 0.3446836 0.183462 128 6.790566 10.04172 6.149889
0.6800503 0.3446836 0.183462 128 6.894543 10.00156 6.184198
0.6800503 0.3446836 0.183462 128 6.985679 9.965622 6.213033
0.6800503 0.3446836 0.183462 128 7.069501 9.930552 6.23777
0.6800503 0.3446836 0.183462 128 7.153235 9.895742 6.261362
0.6800503 0.3446836 0.183462 128 7.234422 9.86096 6.285692
0.6800503 0.3446836 0.183462 128 7.308064 9.827142 6.309439
0.6800503 0.3446836 0.183462 128 7.373003 9.79638 6.325726
0.6800503 0.3446836 0.183462 128 7.437069 9.767823 6.343868
0.6800503 0.3446836 0.183462 128 7.497509 9.73864 6.35811
0.6800503 0.3446836 0.183462 128 7.592632 9.693249 6.380229
0.6800503 0.3446836 0.183462 128 7.640723 9.667765 6.389764
0.6800503 0.3446836 0.183462 128 7.680037 9.642467 6.394006
0.6800503 0.3446836 0.183462 128 7.722611 9.615698 6.396699
0.6800503 0.3446836 0.183462 128 7.779744 9.573763 6.400482
0.6800503 0.3446836 0.183462 128 7.794841 9.555649 6.405126
0.6800503 0.3446836 0.183462 128 7.818671 9.516798 6.407798
0.6800503 0.3446836 0.183462 128 7.829538 9.484342 6.413786
0.6922388 0.3508613 0.1867502 128 7.837544 9.456751 6.42409
0.6922388 0.3508613 0.1867502 128 7.84411 9.417313 6.431877
0.7216403 0.3657635 0.194682 128 7.86192 9.359326 6.440105
0.7216403 0.3657635 0.194682 128 7.877158 9.325471 6.446196
0.7598195 0.3851146 0.2049819 128 7.881428 9.239036 6.460496
0.7598195 0.3851146 0.2049819 128 7.882197 9.158506 6.463115
0.7598195 0.3851146 0.2049819 128 7.888761 9.079014 6.470233
0.7598195 0.3851146 0.2049819 128 7.904236 8.987052 6.477147
0.7598195 0.3851146 0.2049819 128 7.931851 8.848396 6.49335
0.7598195 0.3851146 0.2049819 128 7.915 8.903993 6.483645
0.7779552 0.3943067 0.2098745 128 7.949973 8.687682 6.517433
0.7779552 0.3943067 0.2098745 128 7.952127 8.627728 6.533965
0.7811776 0.3959399 0.2107438 128 7.952306 8.552629 6.570464
0.7811776 0.3959399 0.2107438 128 7.961208 8.527031 6.592261
0.7811776 0.3959399 0.2107438 128 7.966688 8.500383 6.607738
0.7759409 0.3932857 0.2093311 128 7.977754 8.44455 6.650853
0.766492 0.3884965 0.206782 128 7.971886 8.466566 6.628397
0.7465694 0.3783988 0.2014073 128 7.997045 8.368443 6.69498
0.7465694 0.3783988 0.2014073 128 7.995061 8.316715 6.728625
0.6937516 0.3516281 0.1871583 128 7.985776 8.282537 6.751775
u 7.985776 8.282537 6.751775
d 6.634254 8.365282 8.783365
0.6856675 0.6937516 0.6725215 128 6.521431 8.371498 8.83779
0.6856675 0.6937516 0.6725215 128 6.482684 8.378852 8.855482
0.6856675 0.6937516 0.6725215 128 6.414871 8.363468 8.855404
0.6856675 0.6937516 0.6725215 128 6.366951 8.337319 8.839424
0.6856675 0.6937516 0.6725215 128 6.291923 8.341392 8.88485
0.6856675 0.6937516 0.6725215 128 6.203089 8.347404 8.953778
0.6856675 0.6937516 0.6725215 128 6.169976 8.322532 8.967224
0.6856675 0.6937516 0.6725215 128 6.099404 8.315342 9.028049
0.6856675 0.6937516 0.6725215 128 6.067233 8.326902 9.064918
0.6856675 0.6937516 0.6725215 128 6.023749 8.335967 9.101238
0.6856675 0.6937516 0.6725215 128 5.962315 8.348423 9.16046
0.6856675 0.6937516 0.6725215 128 5.895109 8.372933 9.240171
0.6856675 0.6937516 0.6725215 128 5.876026 8.386446 9.263819
0.6856675 0.6937516 0.6725215 128 5.826518 8.418896 9.323099
0.6856675 0.6937516 0.6725215 128 5.786387 8.448608 9.362793
0.6856675 0.6937516 0.6725215 128 5.743926 8.491257 9.409502
0.6856675 0.6937516 0.6725215 128 5.70616 8.542413 9.459885
0.6856675 0.6937516 0.6725215 128 5.649217 8.63495 9.537297
0.6856675 0.6937516 0.6725215 128 5.629693 8.686931 9.568143
0.6856675 0.6937516 0.6725215 128 5.620007 8.746835 9.595705
0.6856675 0.6937516 0.6725215 128 5.608665 8.816332 9.628136
0.6856675 0.6937516 0.6725215 128 5.59495 8.932058 9.674436
0.6856675 0.6937516 0.6725215 128 5.592768 8.996141 9.697979
0.6856675 0.6937516 0.6725215 128 5.58716 9.053096 9.722408
0.6856675 0.6937516 0.6725215 128 5.583331 9.142596 9.757272
0.6856675 0.6937516 0.6725215 128 5.582717 9.190383 9.776699
0.6856675 0.6937516 0.6725215 128 5.579073 9.239198 9.798956
0.6856675 0.6937516 0.6725215 128 5.559144 9.309361 9.843816
u 5.559144 9.309361 9.843816
d 6.080606 8.621089 10.46267
0.5734847 -0.0454639 0.6937516 128 6.124076 8.564628 10.45142
0.5734847 -0.0454639 0.6937516 128 6.158585 8.52919 10.4523
0.5734847 -0.0454639 0.6937516 128 6.202454 8.487259 10.42986
0.5734847 -0.0454639 0.6937516 128 6.274817 8.41975 10.38759
0.5734847 -0.0454639 0.6937516 128 6.321805 8.389668 10.35863
0.5734847 -0.0454639 0.6937516 128 6.37292 8.359199 10.33291
0.5734847 -0.0454639 0.6937516 128 6.423898 8.32888 10.29943
0.5734847 -0.0454639 0.6937516 128 6.474028 8.306492 10.26413
0.5734847 -0.0454639 0.6937516 128 6.53301 8.283687 10.22276
0.5734847 -0.0454639 0.6937516 128 6.588414 8.273926 10.18966
0.5734847 -0.0454639 0.6937516 128 6.68972 8.254038 10.13188
0.5734847 -0.0454639 0.6937516 128 6.737054 8.237958 10.10022
0.5734847 -0.0454639 0.6937516 128 6.787466 8.223498 10.06769
0.5734847 -0.0454639 0.6937516 128 6.840702 8.20864 10.02571
0.5734847 -0.0454639 0.6937516 128 6.895716 8.197135 9.982903
0.5734847 -0.0454639 0.6937516 128 6.948172 8.183012 9.941202
0.5734847 -0.0454639 0.6937516 128 7.045776 8.159385 9.863327
0.5734847 -0.0454639 0.6937516 128 7.09381 8.147671 9.819122
0.5734847 -0.0454639 0.6937516 128 7.139626 8.136116 9.773377
0.5734847 -0.0454639 0.6937516 128 7.185812 8.126251 9.729981
0.5734847 -0.0454639 0.6937516 128 7.235337 8.122712 9.683487
0.5734847 -0.0454639 0.6937516 128 7.320903 8.118039 9.611629
0.5734847 -0.0454639 0.6937516 128 7.362026 8.114106 9.576408
0.5734847 -0.0454639 0.6937516 128 7.406427 8.106278 9.536422
0.5734847 -0.0454639 0.6937516 128 7.479404 8.094229 9.469584
0.5734847 -0.0454639 0.6937516 128 7.530293 8.084255 9.418321
0.5734847 -0.0454639 0.6937516 128 7.566795 8.07667 9.382437
0.5734847 -0.0454639 0.6937516 128 7.596614 8.066958 9.349171
0.5734847 -0.0454639 0.6937516 128 7.656327 8.04975 9.278386
0.5734847 -0.0454639 0.6937516 128 7.633364 8.056741 9.303102
0.5734847 -0.0454639 0.6937516 128 7.71781 8.022362 9.179642
0.5734847 -0.0454639 0.6937516 128 7.738111 8.008884 9.136119
0.5734847 -0.0454639 0.6937516 128 7.748929 8.003261 9.108242
0.5734847 -0.0454639 0.6937516 128 7.777484 7.986432 9.02419
0.5734847 -0.0454639 0.6937516 128 7.788693 7.980713 8.98181
0.5734847 -0.0454639 0.6937516 128 7.804383 7.970806 8.901684
0.5734847 -0.0454639 0.6937516 128 7.804795 7.961991 8.850398
0.5734847 -0.0454639 0.6937516 128 7.805288 7.950367 8.772911
0.5734847 -0.0454639 0.6937516 128 7.805259 7.946423 8.724339
0.5734847 -0.0454639 0.6937516 128 7.811244 7.953141 8.657328
0.5734847 -0.0454639 0.6937516 128 7.81938 7.965242 8.556622
0.5734847 -0.0454639 0.6937516 128 7.823166 7.966275 8.506448
0.5734847 -0.0454639 0.6937516 128 7.8322 7.973766 8.391352
0.5734847 -0.0454639 0.6937516 128 7.829188 7.972272 8.417059
0.5734847 -0.0454639 0.6937516 128 7.845038 7.972105 8.195079
0.5734847 -0.0454639 0.6937516 128 7.848886 7.966248 8.097536
0.5734847 -0.0454639 0.6937516 128 7.857206 7.963555 8.011031
0.5734847 -0.0454639 0.6937516 128 7.870036 7.962024 7.906103
0.5734847 -0.0454639 0.6937516 128 7.887392 7.962286 7.795364
0.5734847 -0.0454639 0.6937516 128 7.909139 7.961258 7.675648
0.5734847 -0.0454639 0.6937516 128 7.908477 7.9613 7.678801
0.5734847 -0.0454639 0.6937516 128 7.965096 7.959189 7.43494
0.5734847 -0.0454639 0.6937516 128 7.960445 7.960937 7.441202
0.5734847 -0.0454639 0.6937516 128 8.046347 7.979275 7.195171
0.5734847 -0.0454639 0.6937516 128 8.090986 7.994632 7.080744
0.5734847 -0.0454639 0.6937516 128 8.145418 8.009959 6.964644
0.5734847 -0.0454639 0.6937516 128 8.20071 8.02019 6.848547
0.5734847 -0.0454639 0.6937516 128 8.26768 8.029255 6.725842
0.5734847 -0.0454639 0.6937516 128 8.333629 8.033283 6.60741
0.5734847 -0.0454639 0.6937516 128 8.393373 8.038363 6.491878
0.5734847 -0.0454639 0.6937516 128 8.454194 8.049633 6.383709
0.5734847 -0.0454639 0.6937516 128 8.511864 8.060847 6.287524
0.5734847 -0.0454639 0.6937516 128 8.578806 8.074853 6.194591
0.5734847 -0.0454639 0.6937516 128 8.650829 8.086224 6.10465
0.5734847 -0.0454639 0.6937516 128 8.724901 8.0918 6.021063
u 8.724901 8.0918 6.021063
d 10.01898 7.947596 5.134618
0.6937516 NaN NaN 128 9.938288 7.897834 5.085177
0.6937516 NaN NaN 128 9.848182 7.862595 5.048979
0.6937516 NaN NaN 128 9.751222 7.828681 5.005755
0.6937516 NaN NaN 128 9.647173 7.809371 4.952712
0.6937516 NaN NaN 128 9.548483 7.807241 4.904866
0.6937516 NaN NaN 128 9.449923 7.807465 4.859246
0.6937516 NaN NaN 128 9.350382 7.807322 4.81349
0.6937516 NaN NaN 128 9.255651 7.811464 4.773031
0.6937516 NaN NaN 128 9.251322 7.812433 4.771127
0.6937516 NaN NaN 128 9.088258 7.828296 4.695426
0.6937516 NaN NaN 128 8.990327 7.847585 4.663868
0.6937516 NaN NaN 128 9.005081 7.845079 4.664917
0.6937516 NaN NaN 128 8.812749 7.893233 4.613887
0.6937516 NaN NaN 128 8.826289 7.894775 4.613724
0.6937516 NaN NaN 128 8.669822 7.962057 4.587983
0.6937516 NaN NaN 128 8.572185 8.015878 4.590493
0.6937516 NaN NaN 128 8.519187 8.038186 4.601894
0.6937516 NaN NaN 128 8.46269 8.05559 4.6158
0.6937516 NaN NaN 128 8.416561 8.060841 4.631101
0.6937516 NaN NaN 128 8.321472 8.062224 4.668981
0.6937516 NaN NaN 128 8.271582 8.060677 4.688727
0.6937516 NaN NaN 128 8.212583 8.057862 4.711903
0.6937516 NaN NaN 128 8.106009 8.045397 4.764777
0.6937516 NaN NaN 128 8.045814 8.037783 4.795283
0.6937516 NaN NaN 128 7.978165 8.026685 4.836612
0.6937516 NaN NaN 128 7.914605 8.013169 4.880553
0.6937516 NaN NaN 128 7.805486 7.987814 4.975599
0.6937516 NaN NaN 128 7.837584 7.9981 4.94534
0.6937516 NaN NaN 128 7.691947 7.97282 5.089661
0.6937516 NaN NaN 128 7.635242 7.968592 5.149112
0.6937516 NaN NaN 128 7.533813 7.965569 5.274717
0.6937516 NaN NaN 128 7.556741 7.96704 5.242128
0.6937516 NaN NaN 128 7.40501 7.970076 5.43057
0.6937516 NaN NaN 128 7.300719 7.974603 5.567495
0.6937516 NaN NaN 128 7.193401 7.97882 5.72437
0.6937516 NaN NaN 128 7.133426 7.97941 5.819124
0.6937516 NaN NaN 128 7.071379 7.983559 5.914674
0.6937516 NaN NaN 128 6.95558 7.983706 6.114882
0.6937516 NaN NaN 128 6.977505 7.984076 6.074599
0.6937516 NaN NaN 128 6.755117 8.002288 6.510771
0.6937516 NaN NaN 128 6.708687 8.01757 6.649462
0.6937516 NaN NaN 128 6.693576 8.046062 6.847069
0.6937516 NaN NaN 128 6.702886 8.105964 7.0304
0.6937516 NaN NaN 128 6.744736 8.183417 7.221222
0.6937516 NaN NaN 128 6.800122 8.222113 7.306161
0.6937516 NaN NaN 128 6.893147 8.299057 7.428493
0.6937516 NaN NaN 128 7.009442 8.394692 7.541731
0.6937516 NaN NaN 128 7.139821 8.489274 7.635731
0.6937516 NaN NaN 128 7.280582 8.592751 7.720623
0.6937516 NaN NaN 128 7.383267 8.675974 7.776697
0.6937516 NaN NaN 128 7.50918 8.770315 7.833613
0.6937516 NaN NaN 128 7.650986 8.886437 7.891946
0.6937516 NaN NaN 128 7.760235 8.992093 7.938101
0.6937516 NaN NaN 128 7.876975 9.095772 7.977621
0.6937516 NaN NaN 128 7.993288 9.182329 8.006883
0.6937516 NaN NaN 128 8.118429 9.256004 8.030417
0.6937516 NaN NaN 128 8.25532 9.310394 8.047666
0.6937516 NaN NaN 128 8.381081 9.339643 8.065228
0.6937516 NaN NaN 128 8.505294 9.324573 8.076901
0.6937516 NaN NaN 128 8.621084 9.265423 8.081877
0.6937516 NaN NaN 128 8.710883 9.174071 8.091944
0.6937516 NaN NaN 128 8.776101 9.034098 8.097951
0.6937516 NaN NaN 128 8.808779 8.848639 8.101979
0.6937516 NaN NaN 128 8.802211 8.632063 8.103259
0.6937516 NaN NaN 128 8.767897 8.391097 8.103845
0.6937516 NaN NaN 128 8.700858 8.134927 8.119568
0.6937516 NaN NaN 128 8.617807 7.873601 8.147748
0.6937516 NaN NaN 128 8.521559 7.615829 8.197882
0.6937516 NaN NaN 128 8.414564 7.369495 8.282734
0.6937516 NaN NaN 128 8.408032 7.355613 8.289943
0.6937516 NaN NaN 128 8.12973 7.045707 8.561497
0.6937516 NaN NaN 128 8.108987 7.03901 8.566891
0.6937516 NaN NaN 128 7.754149 6.960821 8.885854
0.6937516 NaN NaN 128 7.562424 6.999991 9.022555
0.6937516 NaN NaN 128 7.341493 7.09953 9.167372
0.6937516 NaN NaN 128 7.18701 7.191606 9.255066
0.6937516 NaN NaN 128 6.992878 7.370441 9.332972
0.6937516 NaN NaN 128 6.976205 7.388165 9.339013
0.6937516 NaN NaN 128 6.688543 7.833558 9.400911
0.6937516 NaN NaN 128 6.667465 7.875872 9.401793
0.6937516 NaN NaN 128 6.533963 8.360236 9.340534
0.6937516 NaN NaN 128 6.534395 8.604567 9.269786
0.6937516 NaN NaN 128 6.575074 8.836064 9.192956
0.6937516 NaN NaN 128 6.646402 9.055067 9.126001
0.6937516 NaN NaN 128 6.72571 9.249301 9.088315
0.6937516 NaN NaN 128 6.813306 9.452172 9.078106
0.6937516 NaN NaN 128 6.909043 9.702713 9.099227
0.6937516 NaN NaN 128 6.992865 9.92283 9.137312
0.6937516 NaN NaN 128 7.090357 10.17111 9.202476
u 7.090357 10.17111 9.202476
d 6.28145 7.199192 11.1821
0.6103506 -0.03050748 0.6937516 128 6.297386 7.095321 11.17771
0.6103506 -0.03050748 0.6937516 128 6.304332 7.022691 11.18148
0.6103506 -0.03050748 0.6937516 128 6.3317 6.850304 11.19462
0.6103506 -0.03050748 0.6937516 128 6.346047 6.761435 11.20302
0.6103506 -0.03050748 0.6937516 128 6.370841 6.671909 11.19859
0.6103506 -0.03050748 0.6937516 128 6.398336 6.594528 11.19205
0.6103506 -0.03050748 0.6937516 128 6.423661 6.515037 11.18949
0.6103506 -0.03050748 0.6937516 128 6.453402 6.433678 11.18755
0.6103506 -0.03050748 0.6937516 128 6.481762 6.367273 11.17875
0.6103506 -0.03050748 0.6937516 128 6.510951 6.305791 11.15743
0.6103506 -0.03050748 0.6937516 128 6.570259 6.20559 11.11831
0.6103506 -0.03050748 0.6937516 128 6.602261 6.159446 11.08541
0.6103506 -0.03050748 0.6937516 128 6.635983 6.117757 11.03726
0.6103506 -0.03050748 0.6937516 128 6.667188 6.0863 10.98289
0.6103506 -0.03050748 0.6937516 128 6.699057 6.061844 10.92204
0.6103506 -0.03050748 0.6937516 128 6.738079 6.043368 10.83122
0.6103506 -0.03050748 0.6937516 128 6.790877 6.026111 10.71402
0.04808597 -0.002403507 0.05465665 128 6.815288 6.028698 10.64445
0.1081437 -0.005405406 0.122921 128 6.836904 6.038441 10.57487
0.2118326 -0.01058814 0.2407784 128 6.851064 6.054842 10.51911
u 6.851064 6.054842 10.51911
d 6.939583 6.353973 10.02137
0.2389896 0.2280872 0.2407784 128 6.942996 6.387365 9.99486
0.2389896 0.2280872 0.2407784 128 6.949197 6.425563 9.960835
0.2389896 0.2280872 0.2407784 128 6.95759 6.442993 9.942284
0.2389896 0.2280872 0.2407784 128 6.972259 6.462512 9.917521
0.2389896 0.2280872 0.2407784 128 7.000328 6.490379 9.880996
0.2389896 0.2280872 0.2407784 128 7.07311 6.527905 9.811522
0.2389896 0.2280872 0.2407784 128 7.124372 6.547102 9.764589
0.2389896 0.2280872 0.2407784 128 7.185502 6.574871 9.717854
0.2389896 0.2280872 0.2407784 128 7.248609 6.593865 9.680531
0.2389896 0.2280872 0.2407784 128 7.364614 6.621593 9.637338
0.2389896 0.2280872 0.2407784 128 7.413845 6.632742 9.637209
0.2389896 0.2280872 0.2407784 128 7.458432 6.649412 9.647915
0.2389896 0.2280872 0.2407784 128 7.542562 6.668846 9.690811
0.2389896 0.2280872 0.2407784 128 7.568039 6.675138 9.71711
0.2389896 0.2280872 0.2407784 128 7.591279 6.711665 9.761418
0.2389896 0.2280872 0.2407784 128 7.627347 6.772001 9.862086
0.2389896 0.2280872 0.2407784 128 7.642089 6.804515 9.906759
0.2389896 0.2280872 0.2407784 128 7.648645 6.834295 9.948755
0.2389896 0.2280872 0.2407784 128 7.655503 6.910745 10.07322
0.2389896 0.2280872 0.2407784 128 7.650915 6.929178 10.12246
0.2389896 0.2280872 0.2407784 128 7.648591 6.941631 10.16997
0.2389896 0.2280872 0.2407784 128 7.612724 6.971098 10.28698
0.2389896 0.2280872 0.2407784 128 7.589925 6.980808 10.34667
0.2389896 0.2280872 0.2407784 128 7.561603 6.968375 10.40679
0.2389896 0.2280872 0.2407784 128 7.533789 6.952902 10.45666
0.2389896 0.2280872 0.2407784 128 7.467965 6.939863 10.53747
u 7.467965 6.939863 10.53747
d 7.084958 6.857378 10.70355
0.2389896 0.2280872 0.2407784 128 7.033577 6.83982 10.71583
0.2389896 0.2280872 0.2407784 128 6.916159 6.799335 10.75113
0.2389896 0.2280872 0.2407784 128 6.877248 6.770024 10.75975
0.2389896 0.2280872 0.2407784 128 6.829026 6.766262 10.75836
0.2389896 0.2280872 0.2407784 128 6.710661 6.768413 10.75068
0.2389896 0.2280872 0.2407784 128 6.664732 6.780662 10.75323
0.2389896 0.2280872 0.2407784 128 6.61536 6.798806 10.7514
0.2389896 0.2280872 0.2407784 128 6.530614 6.868131 10.72873
0.2389896 0.2280872 0.2407784 128 6.480901 6.926755 10.71197
0.2389896 0.2280872 0.2407784 128 6.432919 6.988614 10.69741
0.2389896 0.2280872 0.2407784 128 6.386076 7.064625 10.6787
0.2389896 0.2280872 0.2407784 128 6.342394 7.191407 10.64634
0.2389896 0.2280872 0.2407784 128 6.311302 7.282449 10.62746
0.2389896 0.2280872 0.2407784 128 6.281168 7.347714 10.61266
0.2389896 0.2280872 0.2407784 128 6.246597 7.498365 10.57896
0.2389896 0.2280872 0.2407784 128 6.25191 7.579605 10.55208
0.2389896 0.2280872 0.2407784 128 6.244226 7.64185 10.53844
0.2389896 0.2280872 0.2407784 128 6.272676 7.792934 10.49092
u 6.272676 7.792934 10.49092
d 6.801068 8.706885 9.788345
0.2389896 0.2280872 0.2407784 128 6.772507 8.708877 9.758203
0.2389896 0.2280872 0.2407784 128 6.736509 8.702052 9.700956
0.2389896 0.2280872 0.2407784 128 6.669601 8.685755 9.62693
0.2389896 0.2280872 0.2407784 128 6.621966 8.662379 9.577836
0.2389896 0.2280872 0.2407784 128 6.575694 8.638294 9.539828
0.2389896 0.2280872 0.2407784 128 6.440163 8.558445 9.461819
0.2389896 0.2280872 0.2407784 128 6.390088 8.533479 9.439909
0.2389896 0.2280872 0.2407784 128 6.316537 8.49321 9.406287
0.2389896 0.2280872 0.2407784 128 6.198702 8.431691 9.370163
0.2389896 0.2280872 0.2407784 128 6.15586 8.410344 9.353235
0.2389896 0.2280872 0.2407784 128 6.060663 8.326681 9.338484
0.2389896 0.2280872 0.2407784 128 5.994664 8.286698 9.339911
0.2389896 0.2280872 0.2407784 128 5.96281 8.277806 9.329348
0.2389896 0.2280872 0.2407784 128 5.902813 8.194296 9.339563
0.2389896 0.2280872 0.2407784 128 5.876784 8.160593 9.346131
0.2389896 0.2280872 0.2407784 128 5.861637 8.115886 9.344839
0.2389896 0.2280872 0.2407784 128 5.861556 8.006889 9.352521
0.2389896 0.2280872 0.2407784 128 5.881187 7.947834 9.332653
0.2389896 0.2280872 0.2407784 128 5.915295 7.834061 9.315451
0.2389896 0.2280872 0.2407784 128 5.939493 7.756008 9.281514
0.2389896 0.2280872 0.2407784 128 6.02659 7.562359 9.209671
0.2389896 0.2280872 0.2407784 128 6.074303 7.475235 9.161795
0.2389896 0.2280872 0.2407784 128 6.163548 7.33159 9.074618
0.2389896 0.2280872 0.2407784 128 6.241786 7.227748 9.001297
0.2389896 0.2280872 0.2407784 128 6.30308 7.159681 8.940609
0.2389896 0.2280872 0.2407784 128 6.439204 7.009648 8.800261
0.2389896 0.2280872 0.2407784 128 6.396117 7.062032 8.845385
0.2389896 0.2280872 0.2407784 128 6.658962 6.852017 8.569265
0.2389896 0.2280872 0.2407784 128 6.747331 6.816736 8.48295
0.2389896 0.2280872 0.2407784 128 6.802843 6.801786 8.435019
0.2389896 0.2280872 0.2407784 128 6.936449 6.772493 8.31837
0.2389896 0.2280872 0.2407784 128 7.017745 6.763113 8.255928
0.2389896 0.2280872 0.2407784 128 7.097266 6.766717 8.197536
0.2389896 0.2280872 0.2407784 128 7.272104 6.784811 8.083248
0.2389896 0.2280872 0.2407784 128 7.34663 6.807593 8.04178
0.2389896 0.2280872 0.2407784 128 7.444371 6.845528 7.995792
0.2389896 0.2280872 0.2407784 128 7.536058 6.887952 7.95852
0.2389896 0.2280872 0.2407784 128 7.671877 6.965732 7.913059
0.2389896 0.2280872 0.2407784 128 7.720201 7.015577 7.89922
0.2389896 0.2280872 0.2407784 128 7.819232 7.111199 7.885581
0.2389896 0.2280872 0.2407784 128 7.86834 7.165841 7.886943
0.2389896 0.2280872 0.2407784 128 7.907119 7.213182 7.884086
0.2389896 0.2280872 0.2407784 128 7.962527 7.288488 7.884908
0.2389896 0.2280872 0.2407784 128 8.027609 7.378933 7.890498
0.2389896 0.2280872 0.2407784 128 8.049913 7.410539 7.896904
0.2389896 0.2280872 0.2407784 128 8.074923 7.450561 7.896486
0.2389896 0.2280872 0.2407784 128 8.117668 7.527036 7.901711
0.2389896 0.2280872 0.2407784 128 8.130768 7.567484 7.900761
0.2389896 0.2280872 0.2407784 128 8.157284 7.643264 7.894934
0.2389896 0.2280872 0.2407784 128 8.170794 7.6786 7.885541
0.2389896 0.2280872 0.2407784 128 8.181033 7.690827 7.874858
0.2389896 0.2280872 0.2407784 128 8.198623 7.739616 7.845449
0.2389896 0.2280872 0.2407784 128 8.19493 7.772478 7.836065
0.2389896 0.2280872 0.2407784 128 8.187544 7.818863 7.830122
0.2389896 0.2280872 0.2407784 128 8.170938 7.91396 7.814253
0.2389896 0.2280872 0.2407784 128 8.160831 7.958695 7.813555
0.2389896 0.2280872 0.2407784 128 8.139911 8.016698 7.817997
0.2389896 0.2280872 0.2407784 128 8.119835 8.078692 7.826201
0.2389896 0.2280872 0.2407784 128 8.090325 8.191215 7.842736
0.2389896 0.2280872 0.2407784 128 8.071851 8.238591 7.853432
0.2389896 0.2280872 0.2407784 128 8.036116 8.331885 7.875054
0.2389896 0.2280872 0.2407784 128 8.017509 8.387544 7.889346
0.2389896 0.2280872 0.2407784 128 8.000257 8.425548 7.902778
0.2389896 0.2280872 0.2407784 128 7.949703 8.518955 7.941628
0.2389896 0.2280872 0.2407784 128 7.931206 8.550941 7.95657
0.2389896 0.2280872 0.2407784 128 7.907018 8.579105 7.973259
0.2389896 0.2280872 0.2407784 128 7.858474 8.637365 8.007671
0.2389896 0.2280872 0.2407784 128 7.832668 8.665545 8.026388
0.2389896 0.2280872 0.2407784 128 7.802153 8.683173 8.039686
0.2389896 0.2280872 0.2407784 128 7.747571 8.70702 8.064433
0.2389896 0.2280872 0.2407784 128 7.718573 8.708247 8.07086
0.2389896 0.2280872 0.2407784 128 7.654929 8.693039 8.079075
0.2389896 0.2280872 0.2407784 128 7.605772 8.664668 8.079306
0.2389896 0.2280872 0.2407784 128 7.580455 8.654118 8.079069
u 7.580455 8.654118 8.079069
d 10.04246 7.676583 8.060664
0.2389896 0.2280872 0.2407784 128 10.11387 7.617336 8.069795
0.2389896 0.2280872 0.2407784 128 10.13929 7.578963 8.053249
0.2389896 0.2280872 0.2407784 128 10.16855 7.534957 8.028992
0.2389896 0.2280872 0.2407784 128 10.20183 7.50115 7.994868
0.2389896 0.2280872 0.2407784 128 10.23738 7.464194 7.946115
0.2389896 0.2280872 0.2407784 128 10.26778 7.422826 7.891215
0.2389896 0.2280872 0.2407784 128 10.30469 7.354434 7.777202
0.2389896 0.2280872 0.2407784 128 10.31445 7.331689 7.716505
0.2389896 0.2280872 0.2407784 128 10.3174 7.304565 7.644013
0.2389896 0.2280872 0.2407784 128 10.30802 7.283919 7.569059
0.2389896 0.2280872 0.2407784 128 10.29255 7.266588 7.486576
0.2389896 0.2280872 0.2407784 128 10.27048 7.258362 7.408087
0.2389896 0.2280872 0.2407784 128 10.2402 7.250875 7.321445
0.2389896 0.2280872 0.2407784 128 10.1772 7.23863 7.204365
0.2389896 0.2280872 0.2407784 128 10.12314 7.234608 7.132392
0.2389896 0.2280872 0.2407784 128 10.04987 7.238532 7.045371
0.2389896 0.2280872 0.2407784 128 9.959394 7.240829 6.942557
0.2389896 0.2280872 0.2407784 128 9.79162 7.235719 6.800813
0.2389896 0.2280872 0.2407784 128 9.683786 7.228882 6.729115
0.2389896 0.2280872 0.2407784 128 9.54966 7.226297 6.657708
0.2389896 0.2280872 0.2407784 128 9.417315 7.22317 6.596285
0.2389896 0.2280872 0.2407784 128 9.270589 7.210856 6.543296
0.2389896 0.2280872 0.2407784 128 9.110826 7.189965 6.496932
0.2389896 0.2280872 0.2407784 128 8.961051 7.164958 6.465801
0.2389896 0.2280872 0.2407784 128 8.667679 7.120003 6.452156
0.2389896 0.2280872 0.2407784 128 8.522142 7.094821 6.462836
0.2389896 0.2280872 0.2407784 128 8.37172 7.064311 6.480748
0.2389896 0.2280872 0.2407784 128 8.240369 7.0345 6.494781
0.2389896 0.2280872 0.2407784 128 8.105041 7.00012 6.5216
0.2389896 0.2280872 0.2407784 128 7.970108 6.966766 6.548362
0.2389896 0.2280872 0.2407784 128 7.766685 6.914094 6.600759
0.2389896 0.2280872 0.2407784 128 7.686485 6.89171 6.623785
u 7.686485 6.89171 6.623785
d 8.066671 6.756368 7.170568
0.2389896 0.2280872 0.2407784 128 8.137706 6.771281 7.196212
0.2389896 0.2280872 0.2407784 128 8.20644 6.78178 7.235857
0.2389896 0.2280872 0.2407784 128 8.292564 6.794714 7.287556
0.2389896 0.2280872 0.2407784 128 8.357235 6.818943 7.343749
0.2389896 0.2280872 0.2407784 128 8.416933 6.857347 7.416621
0.2389896 0.2280872 0.2407784 128 8.481538 6.908192 7.581273
0.2389896 0.2280872 0.2407784 128 8.482326 6.930478 7.70403
0.2389896 0.2280872 0.2407784 128 8.464186 6.94508 7.811326
0.2389896 0.2280872 0.2407784 128 8.422021 6.988528 7.975126
0.2389896 0.2280872 0.2407784 128 8.351476 7.055893 8.128376
0.2389896 0.2280872 0.2407784 128 8.250552 7.085948 8.247703
0.2389896 0.2280872 0.2407784 128 8.041822 7.124008 8.468393
0.2389896 0.2280872 0.2407784 128 7.913803 7.132834 8.574515
0.2389896 0.2280872 0.2407784 128 7.824134 7.141171 8.645362
0.2389896 0.2280872 0.2407784 128 7.677763 7.145114 8.725495
0.2389896 0.2280872 0.2407784 128 7.454732 7.131224 8.841797
0.2389896 0.2280872 0.2407784 128 7.303642 7.115953 8.902169
0.2389896 0.2280872 0.2407784 128 7.028199 7.070444 8.990866
0.2389896 0.2280872 0.2407784 128 6.8669 7.036268 9.022794
0.2389896 0.2280872 0.2407784 128 6.731936 7.010793 9.035577
0.2389896 0.2280872 0.2407784 128 6.508066 6.944251 9.045267
0.2389896 0.2280872 0.2407784 128 6.559711 6.96561 9.034225
0.2389896 0.2280872 0.2407784 128 6.178166 6.839476 8.957071
0.2389896 0.2280872 0.2407784 128 6.032445 6.774951 8.856988
0.2389896 0.2280872 0.2407784 128 5.96289 6.739776 8.781363
0.2389896 0.2280872 0.2407784 128 5.893836 6.687901 8.674217
0.2389896 0.2280872 0.2407784 128 5.818193 6.618361 8.535427
0.2389896 0.2280872 0.2407784 128 5.732348 6.516119 8.316019
0.2389896 0.2280872 0.2407784 128 5.692977 6.459776 8.181479
0.2389896 0.2280872 0.2407784 128 5.653677 6.415864 8.060559
0.2389896 0.2280872 0.2407784 128 5.580914 6.339913 7.829104
0.2389896 0.2280872 0.2407784 128 5.612977 6.369584 7.917709
0.2389896 0.2280872 0.2407784 128 5.500283 6.304784 7.534875
0.2389896 0.2280872 0.2407784 128 5.477597 6.317664 7.400758
0.2389896 0.2280872 0.2407784 128 5.463731 6.339972 7.30794
0.2389896 0.2280872 0.2407784 128 5.444412 6.415376 7.110046
0.2389896 0.2280872 0.2407784 128 5.440344 6.469467 7.022491
u 5.440344 6.469467 7.022491
d 6.425882 7.212174 3.912462
0.2389896 0.2280872 0.2407784 128 6.467555 7.206779 3.882482
0.2389896 0.2280872 0.2407784 128 6.490757 7.192315 3.867904
0.2389896 0.2280872 0.2407784 128 6.502539 7.169555 3.859027
0.2389896 0.2280872 0.2407784 128 6.507421 7.154555 3.845364
0.2389896 0.2280872 0.2407784 128 6.508248 7.1568 3.815973
0.2389896 0.2280872 0.2407784 128 6.516395 7.178084 3.760661
0.2389896 0.2280872 0.2407784 128 6.526568 7.200377 3.700129
0.2389896 0.2280872 0.2407784 128 6.527357 7.21572 3.634111
0.2389896 0.2280872 0.2407784 128 6.519443 7.236629 3.57434
0.2389896 0.2280872 0.2407784 128 6.514517 7.273647 3.502016
0.2389896 0.2280872 0.2407784 128 6.51993 7.373611 3.339534
0.2389896 0.2280872 0.2407784 128 6.515515 7.357258 3.34867
0.2389896 0.2280872 0.2407784 128 6.500539 7.494168 3.166894
0.2389896 0.2280872 0.2407784 128 6.491552 7.572159 3.090007
0.2389896 0.2280872 0.2407784 128 6.486772 7.665631 3.004643
0.2389896 0.2280872 0.2407784 128 6.477605 7.744077 2.934954
0.2389896 0.2280872 0.2407784 128 6.458902 7.830225 2.85348
0.2389896 0.2280872 0.2407784 128 6.438668 7.917761 2.779296
0.2389896 0.2280872 0.2407784 128 6.419991 8.007996 2.710108
0.2389896 0.2280872 0.2407784 128 6.399461 8.101251 2.646684
0.2389896 0.2280872 0.2407784 128 6.374707 8.204355 2.57909
0.2389896 0.2280872 0.2407784 128 6.341455 8.31666 2.517611
0.2389896 0.2280872 0.2407784 128 6.297804 8.423453 2.475946
0.2389896 0.2280872 0.2407784 128 6.23814 8.539748 2.440864
0.2389896 0.2280872 0.2407784 128 6.174238 8.639359 2.419585
0.2389896 0.2280872 0.2407784 128 6.093694 8.753408 2.405511
0.2389896 0.2280872 0.2407784 128 6.012219 8.857533 2.403771
0.2389896 0.2280872 0.2407784 128 5.914063 8.962764 2.426524
0.2389896 0.2280872 0.2407784 128 5.831305 9.049298 2.447166
0.2389896 0.2280872 0.2407784 128 5.669621 9.196176 2.52375
0.2389896 0.2280872 0.2407784 128 5.580519 9.268575 2.571034
0.2389896 0.2280872 0.2407784 128 5.492125 9.344483 2.631549
0.2389896 0.2280872 0.2407784 128 5.405702 9.410306 2.704239
0.2389896 0.2280872 0.2407784 128 5.317262 9.477105 2.783584
0.2389896 0.2280872 0.2407784 128 5.231394 9.541545 2.868149
0.2389896 0.2280872 0.2407784 128 5.153823 9.597728 2.959686
0.2389896 0.2280872 0.2407784 128 5.080391 9.647196 3.055874
0.2389896 0.2280872 0.2407784 128 5.009342 9.688491 3.144245
0.2389896 0.2280872 0.2407784 128 4.936604 9.727875 3.233413
0.2389896 0.2280872 0.2407784 128 4.870717 9.757097 3.317281
0.2389896 0.2280872 0.2407784 128 4.812291 9.778212 3.391402
0.2389896 0.2280872 0.2407784 128 4.75532 9.792173 3.470614
0.2389896 0.2280872 0.2407784 128 4.698496 9.800584 3.557885
0.2389896 0.2280872 0.2407784 128 4.64622 9.809848 3.64791
0.2389896 0.2280872 0.2407784 128 4.5836 9.827883 3.776943
0.2389896 0.2280872 0.2407784 128 4.525578 9.820608 3.903399
0.2389896 0.2280872 0.2407784 128 4.487012 9.791409 4.002363
0.2389896 0.2280872 0.2407784 128 4.461966 9.763474 4.086805
0.2389896 0.2280872 0.2407784 128 4.431444 9.739752 4.195121
0.2389896 0.2280872 0.2407784 128 4.403249 9.714237 4.305733
0.2389896 0.2280872 0.2407784 128 4.377338 9.691003 4.418518
0.2389896 0.2280872 0.2407784 128 4.359811 9.652287 4.51311
0.2389896 0.2280872 0.2407784 128 4.344722 9.604558 4.58832
0.2389896 0.2280872 0.2407784 128 4.330007 9.553361 4.667045
0.2389896 0.2280872 0.2407784 128 4.319139 9.500484 4.748755
0.2389896 0.2280872 0.2407784 128 4.309499 9.432616 4.838878
0.2389896 0.2280872 0.2407784 128 4.297789 9.356155 4.908834
0.2389896 0.2280872 0.2407784 128 4.276001 9.272475 4.963693
0.2389896 0.2280872 0.2407784 128 4.224618 9.173099 4.998205
0.2389896 0.2280872 0.2407784 128 4.145447 9.068167 5.014544
0.2389896 0.2280872 0.2407784 128 4.039146 8.943884 5.022228
0.2389896 0.2280872 0.2407784 128 3.923669 8.813187 5.04425
u 3.923669 8.813187 5.04425
d 3.129416 8.018485 5.22593
0.2389896 0.2280872 0.2407784 128 3.012268 7.869049 5.281974
0.2389896 0.2280872 0.2407784 128 2.900799 7.752521 5.343596
0.2389896 0.2280872 0.2407784 128 2.820968 7.64728 5.404873
0.2389896 0.2280872 0.2407784 128 2.751131 7.51859 5.478241
0.2389896 0.2280872 0.2407784 128 2.702644 7.401474 5.545632
0.2389896 0.2280872 0.2407784 128 2.655358 7.301855 5.624694
0.2389896 0.2280872 0.2407784 128 2.613699 7.220321 5.711231
0.2389896 0.2280872 0.2407784 128 2.594042 7.12649 5.808388
0.2389896 0.2280872 0.2407784 128 2.588289 7.044836 5.898277
0.2389896 0.2280872 0.2407784 128 2.587007 6.971035 5.996202
0.2389896 0.2280872 0.2407784 128 2.596466 6.896146 6.097665
0.2389896 0.2280872 0.2407784 128 2.609242 6.832717 6.18892
0.2389896 0.2280872 0.2407784 128 2.636674 6.751578 6.288607
0.2389896 0.2280872 0.2407784 128 2.658487 6.684997 6.390374
0.2389896 0.2280872 0.2407784 128 2.682699 6.620183 6.491803
0.2389896 0.2280872 0.2407784 128 2.713673 6.557905 6.580405
0.2389896 0.2280872 0.2407784 128 2.759241 6.49192 6.653696
0.2389896 0.2280872 0.2407784 128 2.817466 6.417972 6.726373
0.2389896 0.2280872 0.2407784 128 2.868856 6.365824 6.794273
0.2389896 0.2280872 0.2407784 128 2.920472 6.317093 6.873205
0.2389896 0.2280872 0.2407784 128 2.971439 6.274643 6.942616
0.2389896 0.2280872 0.2407784 128 3.029305 6.228268 6.993255
0.2389896 0.2280872 0.2407784 128 3.09375 6.182498 7.024204
0.2389896 0.2280872 0.2407784 128 3.156734 6.133546 7.058296
0.2389896 0.2280872 0.2407784 128 3.218293 6.083786 7.090352
0.2389896 0.2280872 0.2407784 128 3.279174 6.042589 7.115031
0.2389896 0.2280872 0.2407784 128 3.344127 5.998543 7.128516
0.2389896 0.2280872 0.2407784 128 3.418975 5.952681 7.132978
0.2389896 0.2280872 0.2407784 128 3.482823 5.914356 7.125851
0.2389896 0.2280872 0.2407784 128 3.56888 5.863352 7.10778
0.2389896 0.2280872 0.2407784 128 3.643766 5.827695 7.079614
0.2389896 0.2280872 0.2407784 128 3.735037 5.788218 7.03737
0.2389896 0.2280872 0.2407784 128 3.833451 5.7497 6.977601
0.2389896 0.2280872 0.2407784 128 3.916823 5.723434 6.925839
0.2389896 0.2280872 0.2407784 128 4.009425 5.707113 6.855705
0.2389896 0.2280872 0.2407784 128 4.103963 5.694883 6.781377
0.2389896 0.2280872 0.2407784 128 4.203759 5.681047 6.703941
0.2389896 0.2280872 0.2407784 128 4.30074 5.672533 6.628013
0.2389896 0.2280872 0.2407784 128 4.403484 5.665421 6.549669
0.2389896 0.2280872 0.2407784 128 4.499501 5.659514 6.480524
0.2389896 0.2280872 0.2407784 128 4.618501 5.659875 6.449043
0.2389896 0.2280872 0.2407784 128 4.798645 5.699386 6.323678
0.2389896 0.2280872 0.2407784 128 4.914576 5.734777 6.242441
0.2389896 0.2280872 0.2407784 128 5.022613 5.786275 6.156617
0.2389896 0.2280872 0.2407784 128 5.258116 5.888788 6.026611
0.2389896 0.2280872 0.2407784 128 5.390356 5.946315 5.967897
0.2389896 0.2280872 0.2407784 128 5.512441 6.017508 5.918516
0.2389896 0.2280872 0.2407784 128 5.685451 6.167811 5.811851
0.2389896 0.2280872 0.2407784 128 5.735465 6.252255 5.756513
0.2389896 0.2280872 0.2407784 128 5.785354 6.364742 5.683522
0.2389896 0.2280872 0.2407784 128 5.827197 6.576417 5.539604
0.2389896 0.2280872 0.2407784 128 5.819054 6.693668 5.465196
0.2389896 0.2280872 0.2407784 128 5.792172 6.897132 5.343415
0.2389896 0.2280872 0.2407784 128 5.738253 7.037364 5.265803
0.2389896 0.2280872 0.2407784 128 5.612608 7.290346 5.142478
0.2389896 0.2280872 0.2407784 128 5.519146 7.395133 5.090909
0.2389896 0.2280872 0.2407784 128 5.304546 7.589129 5.015429
0.2389896 0.2280872 0.2407784 128 5.19278 7.660648 4.991741
0.2389896 0.2280872 0.2407784 128 4.93041 7.776821 4.982518
0.2389896 0.2280872 0.2407784 128 4.781213 7.795395 5.001595
0.2389896 0.2280872 0.2407784 128 4.656564 7.786565 5.029482
0.2389896 0.2280872 0.2407784 128 4.447655 7.748346 5.105163
0.2389896 0.2280872 0.2407784 128 4.37217 7.702807 5.152472
0.2389896 0.2280872 0.2407784 128 4.226859 7.583752 5.273053
0.2389896 0.2280872 0.2407784 128 4.279829 7.631252 5.232916
0.2389896 0.2280872 0.2407784 128 4.044995 7.359524 5.537854
0.2389896 0.2280872 0.2407784 128 3.934847 7.165745 5.735386
0.2389896 0.2280872 0.2407784 128 3.840297 7.030391 5.882956
0.2389896 0.2280872 0.2407784 128 3.702445 6.802894 6.12909
0.2389896 0.2280872 0.2407784 128 3.570741 6.565885 6.406106
0.2389896 0.2280872 0.2407784 128 3.484334 6.448288 6.571321
0.2389896 0.2280872 0.2407784 128 3.386132 6.248889 6.858791
0.2389896 0.2280872 0.2407784 128 3.303801 6.059511 7.179658
0.2389896 0.2280872 0.2407784 128 3.250687 5.994406 7.363646
0.2389896 0.2280872 0.2407784 128 3.190936 5.898873 7.691867
0.2389896 0.2280872 0.2407784 128 3.1602 5.844463 8.018501
0.2389896 0.2280872 0.2407784 128 3.148869 5.85399 8.233654
0.2389896 0.2280872 0.2407784 128 3.17472 5.915307 8.532997
0.2389896 0.2280872 0.2407784 128 3.215423 6.03445 8.901062
0.2389896 0.2280872 0.2407784 128 3.285763 6.202604 9.232696
u 3.285763 6.202604 9.232696
