d 10.7602 8.595807 7.115873
0 0 0 1 10.75927 8.59433 7.174746 0.1 0.1
0 0 0 1 10.74578 8.576235 7.287726 0.1 0.1
0 0 0 1 10.74578 8.576235 7.287726 0.1 0.1
0 0 0 1 10.71864 8.532632 7.407696 0.1 0.1
0 0 0 1 10.6889 8.485079 7.502493 0.1 0.1
0 0 0 1 10.66025 8.436068 7.579083 0.1 0.1
0 0 0 1 10.60207 8.347967 7.695258 0.1 0.1
0 0 0 1 10.57586 8.310638 7.7344 0.1 0.1
0 0 0 1 10.5413 8.266777 7.78052 0.1 0.1
0 0 0 1 10.50741 8.229451 7.822711 0.1 0.1
0 0 0 1 10.4601 8.183037 7.873947 0.1 0.1
0 0 0 1 10.41929 8.145878 7.914566 0.1 0.1
0 0 0 1 10.3638 8.095423 7.964465 0.1 0.1
0 0 0 1 10.3146 8.052031 8.006512 0.1 0.1
0 0 0 1 10.2608 8.004324 8.051202 0.1 0.1
0 0 0 1 10.18866 7.94185 8.108534 0.1 0.1
0 0 0 1 10.12701 7.89092 8.154528 0.1 0.1
0 0 0 1 10.04625 7.827408 8.208153 0.1 0.1
0 0 0 1 9.97558 7.775411 8.248602 0.1 0.1
0 0 0 1 9.883774 7.71112 8.296358 0.1 0.1
0 0 0 1 9.804663 7.66013 8.333176 0.1 0.1
0 0 0 1 9.698542 7.598715 8.374138 0.1 0.1
0 0 0 1 9.605227 7.549197 8.404531 0.1 0.1
0 0 0 1 9.495708 7.498796 8.431357 0.1 0.1
0 0 0 1 9.395594 7.457519 8.449087 0.1 0.1
0 0 0 1 9.281523 7.414826 8.463355 0.1 0.1
0 0 0 1 9.186214 7.381915 8.469217 0.1 0.1
0 0 0 1 8.974585 7.316363 8.467315 0.1 0.1
0 0 0 1 8.8823 7.290461 8.459169 0.1 0.1
0 0 0 1 8.8823 7.290461 8.459169 0.1 0.1
0 0 0 1 8.831237 7.277544 8.45451 0.1 0.1
0 0 0 1 8.69592 7.245496 8.432685 0.1 0.1
0 0 0 1 8.614072 7.227885 8.417289 0.1 0.1
0 0 0 1 8.556524 7.214611 8.406604 0.1 0.1
0 0 0 1 8.43529 7.188843 8.376739 0.1 0.1
0 0 0 1 8.336918 7.168768 8.352738 0.1 0.1
0 0 0 1 8.257759 7.155694 8.332115 0.1 0.1
0 0 0 1 8.161009 7.143857 8.304346 0.1 0.1
0 0 0 1 8.067522 7.141178 8.275781 0.1 0.1
0 0 0 1 7.987559 7.145734 8.247828 0.1 0.1
0 0 0 1 7.888912 7.156308 8.211856 0.1 0.1
0 0 0 1 7.808969 7.17331 8.18026 0.1 0.1
0 0 0 1 7.713161 7.202591 8.138291 0.1 0.1
0 0 0 1 7.61861 7.243224 8.093132 0.1 0.1
0 0 0 1 7.543695 7.289037 8.05592 0.1 0.1
0 0 0 1 7.461999 7.35932 8.012963 0.1 0.1
0 0 0 1 7.402626 7.427673 7.978828 0.1 0.1
0 0 0 1 7.338998 7.518079 7.943088 0.1 0.1
0 0 0 1 7.29412 7.598949 7.915826 0.1 0.1
0 0 0 1 7.248549 7.704065 7.886448 0.1 0.1
0 0 0 1 7.212731 7.815628 7.862815 0.1 0.1
0 0 0 1 7.191467 7.910804 7.846059 0.1 0.1
0 0 0 1 7.173385 8.024009 7.831809 0.1 0.1
0 0 0 1 7.165615 8.11595 7.825134 0.1 0.1
0 0 0 1 7.164032 8.226839 7.824082 0.1 0.1
0 0 0 1 7.1694 8.316754 7.82762 0.1 0.1
0 0 0 1 7.184185 8.42019 7.836092 0.1 0.1
0 0 0 1 7.202606 8.5042 7.844402 0.1 0.1
0 0 0 1 7.228288 8.596019 7.861263 0.1 0.1
0 0 0 1 7.255473 8.667658 7.878772 0.1 0.1
u 7.255473 8.667658 7.878772
d 7.92727 8.961147 8.210036
0 0 0 1 7.986569 8.922487 8.228237 0.1 0.1
0 0 0 1 8.052881 8.86745 8.243275 0.1 0.1
0 0 0 1 8.108727 8.815582 8.255443 0.1 0.1
0 0 0 1 8.173115 8.746282 8.26654 0.1 0.1
0 0 0 1 8.186882 8.728049 8.270811 0.1 0.1
0 0 0 1 8.290772 8.595679 8.276758 0.1 0.1
0 0 0 1 8.342108 8.522347 8.276064 0.1 0.1
0 0 0 1 8.394054 8.445587 8.271638 0.1 0.1
0 0 0 1 8.462078 8.342603 8.26088 0.1 0.1
0 0 0 1 8.517338 8.255919 8.245644 0.1 0.1
0 0 0 1 8.584586 8.145022 8.218634 0.1 0.1
0 0 0 1 8.639847 8.047531 8.191113 0.1 0.1
0 0 0 1 8.702278 7.928862 8.151399 0.1 0.1
0 0 0 1 8.75359 7.821691 8.110746 0.1 0.1
0 0 0 1 8.810145 7.696342 8.055949 0.1 0.1
0 0 0 1 8.855277 7.595829 8.00437 0.1 0.1
0 0 0 1 8.907864 7.476666 7.93379 0.1 0.1
0 0 0 1 8.950869 7.382927 7.871095 0.1 0.1
0 0 0 1 9.002033 7.27289 7.788571 0.1 0.1
0 0 0 1 9.043209 7.185716 7.714681 0.1 0.1
0 0 0 1 9.092158 7.086835 7.620898 0.1 0.1
0 0 0 1 9.131655 7.009315 7.538632 0.1 0.1
0 0 0 1 9.178198 6.923146 7.434428 0.1 0.1
0 0 0 1 9.216417 6.858437 7.346448 0.1 0.1
0 0 0 1 9.261545 6.789156 7.235268 0.1 0.1
0 0 0 1 9.305579 6.725699 7.120515 0.1 0.1
0 0 0 1 9.338724 6.681609 7.025251 0.1 0.1
0 0 0 1 9.409166 6.617723 6.819736 0.1 0.1
0 0 0 1 9.409166 6.617723 6.819736 0.1 0.1
0 0 0 1 9.446817 6.600274 6.712566 0.1 0.1
0 0 0 1 9.477162 6.595313 6.621785 0.1 0.1
0 0 0 1 9.504899 6.599456 6.542006 0.1 0.1
0 0 0 1 9.540079 6.614812 6.443432 0.1 0.1
0 0 0 1 9.569239 6.640143 6.365162 0.1 0.1
0 0 0 1 9.596523 6.674398 6.290756 0.1 0.1
0 0 0 1 9.625553 6.72928 6.203512 0.1 0.1
0 0 0 1 9.647479 6.785033 6.134933 0.1 0.1
0 0 0 1 9.665491 6.85506 6.068868 0.1 0.1
0 0 0 1 9.680132 6.92318 6.023742 0.1 0.1
0 0 0 1 9.697552 7.016345 5.981388 0.1 0.1
0 0 0 1 9.709644 7.097896 5.953864 0.1 0.1
0 0 0 1 9.721071 7.203482 5.928783 0.1 0.1
0 0 0 1 9.726559 7.295595 5.914592 0.1 0.1
0 0 0 1 9.73102 7.394982 5.90736 0.1 0.1
0 0 0 1 9.730282 7.514104 5.905024 0.1 0.1
0 0 0 1 9.725979 7.61723 5.911109 0.1 0.1
0 0 0 1 9.716679 7.738742 5.93237 0.1 0.1
0 0 0 1 9.704898 7.842088 5.960675 0.1 0.1
0 0 0 1 9.692924 7.941572 5.996845 0.1 0.1
0 0 0 1 9.676189 8.052543 6.043303 0.1 0.1
0 0 0 1 9.660452 8.141444 6.08246 0.1 0.1
0 0 0 1 9.635054 8.248728 6.138031 0.1 0.1
0 0 0 1 9.596929 8.414159 6.234065 0.1 0.1
0 0 0 1 9.574901 8.489169 6.287807 0.1 0.1
0 0 0 1 9.55236 8.560811 6.347174 0.1 0.1
0 0 0 1 9.529649 8.631507 6.414907 0.1 0.1
0 0 0 1 9.505556 8.701052 6.491426 0.1 0.1
0 0 0 1 9.483209 8.751116 6.55665 0.1 0.1
0 0 0 1 9.451592 8.822485 6.655778 0.1 0.1
0 0 0 1 9.417557 8.873569 6.748551 0.1 0.1
0 0 0 1 9.359274 8.953692 6.93617 0.1 0.1
0 0 0 1 9.333576 8.974714 7.039249 0.1 0.1
0 0 0 1 9.313419 8.983091 7.134832 0.1 0.1
0 0 0 1 9.28584 8.977299 7.293419 0.1 0.1
0 0 0 1 9.244984 8.950361 7.500091 0.1 0.1
u 9.244984 8.950361 7.500091
d 8.735931 8.130954 8.548375
0 0 0 1 8.585955 7.910855 8.631943 0.1 0.1
0 0 0 1 8.404543 7.682748 8.671277 0.1 0.1
0 0 0 1 8.198736 7.44584 8.658361 0.1 0.1
0 0 0 1 8.022998 7.282072 8.609925 0.1 0.1
0 0 0 1 8.009045 7.282708 8.612934 0.1 0.1
0 0 0 1 7.652381 6.993991 8.434063 0.1 0.1
0 0 0 1 7.404659 6.841998 8.265287 0.1 0.1
0 0 0 1 7.217874 6.753536 8.112062 0.1 0.1
0 0 0 1 7.045556 6.678805 7.939729 0.1 0.1
0 0 0 1 6.891606 6.627245 7.766364 0.1 0.1
0 0 0 1 6.725488 6.593976 7.553414 0.1 0.1
0 0 0 1 6.590106 6.594936 7.355316 0.1 0.1
0 0 0 1 6.43833 6.642439 7.092578 0.1 0.1
0 0 0 1 6.325016 6.730789 6.863251 0.1 0.1
0 0 0 1 6.238512 6.863369 6.658504 0.1 0.1
0 0 0 1 6.174673 7.045581 6.473524 0.1 0.1
0 0 0 1 6.131548 7.278217 6.320939 0.1 0.1
0 0 0 1 6.106776 7.504543 6.234114 0.1 0.1
0 0 0 1 6.09197 7.753562 6.185229 0.1 0.1
0 0 0 1 6.095325 7.884479 6.176359 0.1 0.1
0 0 0 1 6.117003 8.214147 6.180541 0.1 0.1
0 0 0 1 6.151075 8.43465 6.226732 0.1 0.1
0 0 0 1 6.193435 8.636569 6.307078 0.1 0.1
0 0 0 1 6.246045 8.828506 6.434905 0.1 0.1
0 0 0 1 6.294909 8.959867 6.570507 0.1 0.1
0 0 0 1 6.359697 9.075496 6.763302 0.1 0.1
0 0 0 1 6.407685 9.122405 6.902916 0.1 0.1
0 0 0 1 6.49156 9.149523 7.143213 0.1 0.1
0 0 0 1 6.562592 9.124275 7.330304 0.1 0.1
0 0 0 1 6.663809 9.034929 7.572379 0.1 0.1
0 0 0 1 6.7607 8.888828 7.779218 0.1 0.1
0 0 0 1 6.824347 8.743854 7.912691 0.1 0.1
0 0 0 1 6.885273 8.556026 8.034965 0.1 0.1
0 0 0 1 6.939589 8.375811 8.114729 0.1 0.1
0 0 0 1 6.981181 8.265907 8.139073 0.1 0.1
u 6.981181 8.265907 8.139073
d 5.068666 9.271616 4.64598
0 0 0 1 5.05379 9.376017 4.658623 0.1 0.1
0 0 0 1 5.045021 9.479947 4.690362 0.1 0.1
0 0 0 1 5.028121 9.576104 4.743809 0.1 0.1
0 0 0 1 4.999017 9.667087 4.828244 0.1 0.1
0 0 0 1 4.968145 9.75468 4.947879 0.1 0.1
0 0 0 1 4.945923 9.817425 5.075673 0.1 0.1
0 0 0 1 4.930214 9.858142 5.208673 0.1 0.1
0 0 0 1 4.919156 9.874846 5.349857 0.1 0.1
0 0 0 1 4.909366 9.866711 5.503327 0.1 0.1
0 0 0 1 4.89964 9.826283 5.665839 0.1 0.1
0 0 0 1 4.887053 9.761899 5.80536 0.1 0.1
0 0 0 1 4.875726 9.684421 5.923548 0.1 0.1
0 0 0 1 4.865713 9.579526 6.051056 0.1 0.1
0 0 0 1 4.862597 9.451252 6.180262 0.1 0.1
0 0 0 1 4.864604 9.32636 6.284935 0.1 0.1
0 0 0 1 4.87317 9.166339 6.392525 0.1 0.1
0 0 0 1 4.885043 9.006333 6.478711 0.1 0.1
0 0 0 1 4.902108 8.843805 6.549811 0.1 0.1
0 0 0 1 4.9245 8.67118 6.608494 0.1 0.1
0 0 0 1 4.953888 8.489739 6.651958 0.1 0.1
0 0 0 1 4.981107 8.305956 6.675185 0.1 0.1
0 0 0 1 5.001191 8.125916 6.673717 0.1 0.1
0 0 0 1 5.014822 7.930489 6.641044 0.1 0.1
0 0 0 1 5.017961 7.757986 6.574681 0.1 0.1
0 0 0 1 5.013421 7.614661 6.484406 0.1 0.1
0 0 0 1 5.005236 7.496761 6.376593 0.1 0.1
0 0 0 1 4.990167 7.367317 6.208191 0.1 0.1
0 0 0 1 4.979756 7.272966 6.038511 0.1 0.1
0 0 0 1 4.974547 7.211235 5.870122 0.1 0.1
0 0 0 1 4.973035 7.184055 5.701049 0.1 0.1
0 0 0 1 4.972361 7.186912 5.668903 0.1 0.1
0 0 0 1 4.972764 7.195233 5.566259 0.1 0.1
0 0 0 1 4.974169 7.217045 5.46884 0.1 0.1
0 0 0 1 4.977508 7.240959 5.398889 0.1 0.1
0 0 0 1 4.982098 7.282556 5.310647 0.1 0.1
0 0 0 1 4.984911 7.3265 5.242874 0.1 0.1
0 0 0 1 4.987254 7.389552 5.175858 0.1 0.1
0 0 0 1 4.989809 7.462011 5.119144 0.1 0.1
0 0 0 1 4.993896 7.545939 5.068185 0.1 0.1
0 0 0 1 4.998184 7.623697 5.030222 0.1 0.1
0 0 0 1 5.00249 7.724335 4.990647 0.1 0.1
0 0 0 1 5.009387 7.831492 4.959335 0.1 0.1
0 0 0 1 5.016959 7.944799 4.935085 0.1 0.1
0 0 0 1 5.024167 8.044866 4.920187 0.1 0.1
0 0 0 1 5.035664 8.167029 4.910614 0.1 0.1
0 0 0 1 5.047609 8.270027 4.90792 0.1 0.1
0 0 0 1 5.064304 8.394105 4.91215 0.1 0.1
0 0 0 1 5.081934 8.51718 4.925639 0.1 0.1
0 0 0 1 5.100874 8.61422 4.943079 0.1 0.1
0 0 0 1 5.1257 8.724634 4.969224 0.1 0.1
0 0 0 1 5.146304 8.808469 4.992809 0.1 0.1
0 0 0 1 5.168654 8.90205 5.02466 0.1 0.1
0 0 0 1 5.185678 8.971956 5.053086 0.1 0.1
0 0 0 1 5.202531 9.043095 5.088893 0.1 0.1
0 0 0 1 5.214129 9.096367 5.119851 0.1 0.1
0 0 0 1 5.222856 9.14712 5.156154 0.1 0.1
0 0 0 1 5.225484 9.184033 5.187612 0.1 0.1
0 0 0 1 5.225223 9.21909 5.224533 0.1 0.1
0 0 0 1 5.223014 9.259377 5.28371 0.1 0.1
0 0 0 1 5.224099 9.273576 5.31559 0.1 0.1
0 0 0 1 5.224099 9.273576 5.31559 0.1 0.1
0 0 0 1 5.227397 9.288301 5.339194 0.1 0.1
u 5.227397 9.288301 5.339194
d 5.419924 8.99545 5.043034
0 0 0 1 5.416349 9.02883 5.08035 0.1 0.1
0 0 0 1 5.416115 9.042501 5.10286 0.1 0.1
0 0 0 1 5.416115 9.042501 5.10286 0.1 0.1
0 0 0 1 5.416262 9.042836 5.102838 0.1 0.1
0 0 0 1 5.408042 9.055035 5.144702 0.1 0.1
0 0 0 1 5.402459 9.05333 5.164642 0.1 0.1
0 0 0 1 5.390773 9.044888 5.193454 0.1 0.1
0 0 0 1 5.376265 9.028218 5.219773 0.1 0.1
0 0 0 1 5.357611 9.003965 5.250126 0.1 0.1
0 0 0 1 5.338852 8.974326 5.27894 0.1 0.1
0 0 0 1 5.319011 8.935635 5.307946 0.1 0.1
0 0 0 1 5.298496 8.892765 5.331772 0.1 0.1
0 0 0 1 5.281219 8.85428 5.347739 0.1 0.1
0 0 0 1 5.258906 8.804005 5.364147 0.1 0.1
0 0 0 1 5.234402 8.74699 5.376297 0.1 0.1
0 0 0 1 5.212682 8.69602 5.384412 0.1 0.1
0 0 0 1 5.187278 8.631343 5.392078 0.1 0.1
0 0 0 1 5.162252 8.567084 5.39409 0.1 0.1
0 0 0 1 5.140286 8.512305 5.392322 0.1 0.1
0 0 0 1 5.115484 8.447488 5.387561 0.1 0.1
0 0 0 1 5.097371 8.392843 5.38005 0.1 0.1
0 0 0 1 5.077533 8.329966 5.367757 0.1 0.1
0 0 0 1 5.059109 8.26955 5.349634 0.1 0.1
0 0 0 1 5.044937 8.22202 5.330857 0.1 0.1
0 0 0 1 5.030696 8.171791 5.304478 0.1 0.1
0 0 0 1 5.023564 8.139138 5.283152 0.1 0.1
0 0 0 1 5.017349 8.111599 5.257904 0.1 0.1
0 0 0 1 5.0142 8.090961 5.226828 0.1 0.1
0 0 0 1 5.013402 8.077324 5.198603 0.1 0.1
0 0 0 1 5.014935 8.066078 5.161326 0.1 0.1
0 0 0 1 5.017067 8.059403 5.122129 0.1 0.1
0 0 0 1 5.019116 8.058623 5.086582 0.1 0.1
0 0 0 1 5.022983 8.062816 5.03973 0.1 0.1
0 0 0 1 5.025682 8.070322 4.997657 0.1 0.1
0 0 0 1 5.029778 8.083399 4.944456 0.1 0.1
0 0 0 1 5.037215 8.104479 4.886972 0.1 0.1
0 0 0 1 5.044672 8.126784 4.839848 0.1 0.1
0 0 0 1 5.056185 8.157233 4.78432 0.1 0.1
0 0 0 1 5.082242 8.219795 4.683099 0.1 0.1
0 0 0 1 5.082242 8.219795 4.683099 0.1 0.1
0 0 0 1 5.096395 8.251371 4.636727 0.1 0.1
0 0 0 1 5.115466 8.293549 4.57906 0.1 0.1
0 0 0 1 5.132178 8.328671 4.534423 0.1 0.1
0 0 0 1 5.150318 8.367653 4.491662 0.1 0.1
0 0 0 1 5.174496 8.417343 4.444005 0.1 0.1
0 0 0 1 5.196523 8.459296 4.407629 0.1 0.1
0 0 0 1 5.220503 8.503954 4.373034 0.1 0.1
0 0 0 1 5.250788 8.558566 4.335156 0.1 0.1
0 0 0 1 5.277432 8.603088 4.307241 0.1 0.1
0 0 0 1 5.304406 8.64566 4.282143 0.1 0.1
0 0 0 1 5.337302 8.692753 4.25653 0.1 0.1
0 0 0 1 5.37168 8.73875 4.23268 0.1 0.1
0 0 0 1 5.434935 8.822278 4.192108 0.1 0.1
0 0 0 1 5.475314 8.867563 4.172176 0.1 0.1
0 0 0 1 5.509154 8.901709 4.157423 0.1 0.1
0 0 0 1 5.544299 8.932912 4.1458 0.1 0.1
0 0 0 1 5.567522 8.951049 4.141168 0.1 0.1
0 0 0 1 5.588511 8.963766 4.135949 0.1 0.1
0 0 0 1 5.60512 8.970297 4.13058 0.1 0.1
0 0 0 1 5.643955 8.982272 4.120611 0.1 0.1
0 0 0 1 5.660141 8.985931 4.114941 0.1 0.1
0 0 0 1 5.698944 8.982477 4.107727 0.1 0.1
0 0 0 1 5.715483 8.97812 4.105304 0.1 0.1
0 0 0 1 5.728288 8.974181 4.103895 0.1 0.1
0 0 0 1 5.749606 8.957443 4.10469 0.1 0.1
0 0 0 1 5.747761 8.950502 4.10901 0.1 0.1
0 0 0 1 5.756775 8.930357 4.116961 0.1 0.1
0 0 0 1 5.758434 8.917871 4.122678 0.1 0.1
u 5.758434 8.917871 4.122678
d 5.688162 8.819983 4.315709
0 0 0 1 5.681717 8.835364 4.300864 0.1 0.1
0 0 0 1 5.677421 8.851438 4.280446 0.1 0.1
0 0 0 1 5.675519 8.864318 4.258784 0.1 0.1
0 0 0 1 5.676 8.873742 4.237247 0.1 0.1
0 0 0 1 5.677474 8.878101 4.212921 0.1 0.1
0 0 0 1 5.680355 8.877376 4.19055 0.1 0.1
0 0 0 1 5.686366 8.872696 4.168241 0.1 0.1
0 0 0 1 5.694402 8.862092 4.148706 0.1 0.1
0 0 0 1 5.702468 8.844233 4.132383 0.1 0.1
0 0 0 1 5.71024 8.818805 4.120114 0.1 0.1
0 0 0 1 5.716717 8.784579 4.112824 0.1 0.1
0 0 0 1 5.721862 8.746457 4.111018 0.1 0.1
0 0 0 1 5.726867 8.699073 4.114123 0.1 0.1
0 0 0 1 5.7325 8.649705 4.120663 0.1 0.1
0 0 0 1 5.740213 8.588136 4.132406 0.1 0.1
0 0 0 1 5.74629 8.531367 4.148108 0.1 0.1
0 0 0 1 5.753775 8.467558 4.171629 0.1 0.1
0 0 0 1 5.762265 8.406778 4.198977 0.1 0.1
0 0 0 1 5.774669 8.348344 4.231813 0.1 0.1
0 0 0 1 5.786882 8.298509 4.266682 0.1 0.1
0 0 0 1 5.802064 8.248062 4.310167 0.1 0.1
0 0 0 1 5.818029 8.206357 4.355148 0.1 0.1
0 0 0 1 5.837662 8.167364 4.404491 0.1 0.1
0 0 0 1 5.852035 8.139539 4.446942 0.1 0.1
0 0 0 1 5.870038 8.113585 4.496494 0.1 0.1
0 0 0 1 5.888942 8.094401 4.543341 0.1 0.1
0 0 0 1 5.908223 8.079937 4.590883 0.1 0.1
0 0 0 1 5.930281 8.069598 4.640605 0.1 0.1
0 0 0 1 5.952472 8.063079 4.686799 0.1 0.1
0 0 0 1 5.974277 8.061561 4.728926 0.1 0.1
0 0 0 1 5.997061 8.064464 4.770373 0.1 0.1
0 0 0 1 6.021698 8.071185 4.812572 0.1 0.1
0 0 0 1 6.041964 8.080022 4.848957 0.1 0.1
0 0 0 1 6.063823 8.092222 4.890398 0.1 0.1
0 0 0 1 6.083528 8.106379 4.929963 0.1 0.1
0 0 0 1 6.104386 8.123416 4.969748 0.1 0.1
0 0 0 1 6.124949 8.143107 5.005682 0.1 0.1
0 0 0 1 6.147446 8.166751 5.042607 0.1 0.1
0 0 0 1 6.167921 8.189013 5.073789 0.1 0.1
0 0 0 1 6.188679 8.212333 5.101899 0.1 0.1
0 0 0 1 6.211092 8.239533 5.12798 0.1 0.1
0 0 0 1 6.233337 8.266598 5.150461 0.1 0.1
0 0 0 1 6.256846 8.293969 5.16966 0.1 0.1
0 0 0 1 6.280332 8.321019 5.185318 0.1 0.1
0 0 0 1 6.303853 8.348052 5.197306 0.1 0.1
0 0 0 1 6.326779 8.374034 5.204055 0.1 0.1
0 0 0 1 6.350556 8.401571 5.203696 0.1 0.1
0 0 0 1 6.349342 8.40156 5.203085 0.1 0.1
0 0 0 1 6.380349 8.438584 5.186277 0.1 0.1
0 0 0 1 6.39853 8.46094 5.165572 0.1 0.1
0 0 0 1 6.415286 8.482072 5.138491 0.1 0.1
0 0 0 1 6.415408 8.483132 5.137651 0.1 0.1
0 0 0 1 6.431421 8.503488 5.103281 0.1 0.1
0 0 0 1 6.437101 8.511673 5.085547 0.1 0.1
0 0 0 1 6.447443 8.523739 5.049944 0.1 0.1
0 0 0 1 6.451882 8.528739 5.024417 0.1 0.1
0 0 0 1 6.45392 8.531188 5.003057 0.1 0.1
0 0 0 1 6.455821 8.530227 4.957757 0.1 0.1
0 0 0 1 6.455248 8.52428 4.91235 0.1 0.1
0 0 0 1 6.451696 8.518169 4.882555 0.1 0.1
0 0 0 1 6.442499 8.503219 4.833555 0.1 0.1
0 0 0 1 6.43417 8.486714 4.784279 0.1 0.1
0 0 0 1 6.429554 8.481706 4.756587 0.1 0.1
0 0 0 1 6.422972 8.46972 4.710445 0.1 0.1
0 0 0 1 6.415487 8.45646 4.66258 0.1 0.1
0 0 0 1 6.40994 8.448056 4.620392 0.1 0.1
0 0 0 1 6.405404 8.443539 4.580361 0.1 0.1
0 0 0 1 6.403458 8.440719 4.538724 0.1 0.1
0 0 0 1 6.40289 8.43963 4.496795 0.1 0.1
0 0 0 1 6.402034 8.439737 4.464265 0.1 0.1
0 0 0 1 6.399628 8.439146 4.474205 0.1 0.1
0 0 0 1 6.402815 8.441034 4.409954 0.1 0.1
0 0 0 1 6.402884 8.442491 4.385166 0.1 0.1
0 0 0 1 6.401628 8.44383 4.359534 0.1 0.1
0 0 0 1 6.400047 8.443175 4.336734 0.1 0.1
0 0 0 1 6.399729 8.441903 4.314532 0.1 0.1
u 6.399729 8.441903 4.314532
d 6.343942 8.512315 4.776319
0 0 0 1 6.345217 8.513465 4.786634 0.1 0.1
0 0 0 1 6.34622 8.51362 4.794895 0.1 0.1
0 0 0 1 6.348408 8.513259 4.803089 0.1 0.1
0 0 0 1 6.351382 8.510948 4.810149 0.1 0.1
0 0 0 1 6.351366 8.510309 4.814382 0.1 0.1
0 0 0 1 6.357611 8.507059 4.826997 0.1 0.1
0 0 0 1 6.361102 8.505428 4.837941 0.1 0.1
0 0 0 1 6.366884 8.503966 4.854195 0.1 0.1
0 0 0 1 6.372141 8.502659 4.873254 0.1 0.1
0 0 0 1 6.379024 8.501444 4.897029 0.1 0.1
0 0 0 1 6.385563 8.500311 4.923336 0.1 0.1
0 0 0 1 6.393605 8.498657 4.955539 0.1 0.1
0 0 0 1 6.394658 8.498503 4.963213 0.1 0.1
0 0 0 1 6.410473 8.495975 5.017136 0.1 0.1
0 0 0 1 6.420645 8.494692 5.052122 0.1 0.1
0 0 0 1 6.432085 8.493902 5.088762 0.1 0.1
0 0 0 1 6.445225 8.494781 5.127069 0.1 0.1
0 0 0 1 6.460492 8.496466 5.166359 0.1 0.1
0 0 0 1 6.47766 8.498822 5.205588 0.1 0.1
0 0 0 1 6.496133 8.501874 5.244775 0.1 0.1
0 0 0 1 6.516459 8.505911 5.283555 0.1 0.1
0 0 0 1 6.537716 8.511412 5.324073 0.1 0.1
0 0 0 1 6.562891 8.516981 5.368885 0.1 0.1
0 0 0 1 6.562899 8.516382 5.370345 0.1 0.1
0 0 0 1 6.610609 8.525451 5.446553 0.1 0.1
0 0 0 1 6.639604 8.532054 5.489808 0.1 0.1
0 0 0 1 6.666944 8.537819 5.530214 0.1 0.1
0 0 0 1 6.695677 8.54306 5.57078 0.1 0.1
0 0 0 1 6.725685 8.547854 5.608568 0.1 0.1
0 0 0 1 6.755485 8.554013 5.64668 0.1 0.1
0 0 0 1 6.756453 8.554538 5.650575 0.1 0.1
0 0 0 1 6.816545 8.564507 5.724817 0.1 0.1
0 0 0 1 6.849004 8.569964 5.762508 0.1 0.1
0 0 0 1 6.882403 8.574937 5.797075 0.1 0.1
0 0 0 1 6.916537 8.579118 5.830961 0.1 0.1
0 0 0 1 6.951001 8.583756 5.86584 0.1 0.1
0 0 0 1 6.983353 8.587619 5.898253 0.1 0.1
0 0 0 1 7.021155 8.591575 5.936648 0.1 0.1
0 0 0 1 7.056737 8.596163 5.972221 0.1 0.1
0 0 0 1 7.092325 8.599606 6.007043 0.1 0.1
0 0 0 1 7.129583 8.603166 6.042861 0.1 0.1
0 0 0 1 7.165879 8.606552 6.079672 0.1 0.1
0 0 0 1 7.202476 8.60891 6.116093 0.1 0.1
0 0 0 1 7.238521 8.611856 6.151096 0.1 0.1
0 0 0 1 7.273696 8.613175 6.184856 0.1 0.1
0 0 0 1 7.307846 8.614963 6.218117 0.1 0.1
0 0 0 1 7.339865 8.614387 6.250277 0.1 0.1
0 0 0 1 7.371372 8.611514 6.281712 0.1 0.1
0 0 0 1 7.397727 8.608251 6.308695 0.1 0.1
0 0 0 1 7.422522 8.604102 6.336462 0.1 0.1
0 0 0 1 7.443426 8.60018 6.361691 0.1 0.1
u 7.443426 8.60018 6.361691
d 5.76578 9.329125 4.906664
0 0 0 1 5.738099 9.379281 4.891939 0.1 0.1
0 0 0 1 5.724715 9.422358 4.874564 0.1 0.1
0 0 0 1 5.724715 9.422358 4.874564 0.1 0.1
0 0 0 1 5.707017 9.469894 4.858802 0.1 0.1
0 0 0 1 5.681709 9.559172 4.828015 0.1 0.1
0 0 0 1 5.676709 9.602313 4.813875 0.1 0.1
0 0 0 1 5.657183 9.714469 4.775046 0.1 0.1
0 0 0 1 5.64748 9.76371 4.75728 0.1 0.1
0 0 0 1 5.626637 9.861204 4.720367 0.1 0.1
0 0 0 1 5.60949 9.909204 4.697948 0.1 0.1
0 0 0 1 5.583552 9.993149 4.6564 0.1 0.1
0 0 0 1 5.555511 10.08113 4.609558 0.1 0.1
0 0 0 1 5.525208 10.16388 4.559122 0.1 0.1
0 0 0 1 5.487556 10.24133 4.502368 0.1 0.1
0 0 0 1 5.441514 10.31788 4.43846 0.1 0.1
0 0 0 1 5.454034 10.2903 4.461727 0.1 0.1
0 0 0 1 5.352407 10.42334 4.320414 0.1 0.1
0 0 0 1 5.297012 10.47674 4.241537 0.1 0.1
0 0 0 1 5.250391 10.5086 4.181262 0.1 0.1
0 0 0 1 5.198998 10.53178 4.121995 0.1 0.1
0 0 0 1 5.137083 10.54895 4.053677 0.1 0.1
0 0 0 1 5.062221 10.55599 3.97427 0.1 0.1
0 0 0 1 4.98162 10.54811 3.891472 0.1 0.1
0 0 0 1 4.893251 10.52266 3.801054 0.1 0.1
0 0 0 1 4.816466 10.48686 3.71645 0.1 0.1
0 0 0 1 4.733776 10.43074 3.61473 0.1 0.1
0 0 0 1 4.661757 10.36393 3.512505 0.1 0.1
0 0 0 1 4.594492 10.28251 3.41082 0.1 0.1
0 0 0 1 4.531219 10.19143 3.320086 0.1 0.1
0 0 0 1 4.468887 10.08749 3.236676 0.1 0.1
0 0 0 1 4.407238 9.971917 3.161058 0.1 0.1
0 0 0 1 4.387639 9.94189 3.145616 0.1 0.1
0 0 0 1 4.292368 9.726287 3.039665 0.1 0.1
0 0 0 1 4.239022 9.59 2.987038 0.1 0.1
0 0 0 1 4.185184 9.440749 2.941998 0.1 0.1
0 0 0 1 4.133603 9.279058 2.901725 0.1 0.1
0 0 0 1 4.088465 9.102585 2.861284 0.1 0.1
0 0 0 1 4.046759 8.91365 2.82921 0.1 0.1
0 0 0 1 4.030433 8.859564 2.824053 0.1 0.1
0 0 0 1 3.97673 8.511827 2.817134 0.1 0.1
0 0 0 1 3.963164 8.348459 2.833765 0.1 0.1
0 0 0 1 3.96041 8.115241 2.870134 0.1 0.1
0 0 0 1 3.966522 7.966385 2.898531 0.1 0.1
0 0 0 1 3.979381 7.814721 2.934011 0.1 0.1
0 0 0 1 3.995985 7.679421 2.979821 0.1 0.1
0 0 0 1 4.029157 7.498473 3.058978 0.1 0.1
0 0 0 1 4.07048 7.324271 3.151797 0.1 0.1
0 0 0 1 4.047772 7.38776 3.121786 0.1 0.1
0 0 0 1 4.154886 7.06607 3.32948 0.1 0.1
0 0 0 1 4.19447 6.967523 3.414399 0.1 0.1
0 0 0 1 4.239614 6.874893 3.49896 0.1 0.1
0 0 0 1 4.290464 6.781893 3.593695 0.1 0.1
0 0 0 1 4.354427 6.685373 3.705734 0.1 0.1
0 0 0 1 4.423955 6.598697 3.822906 0.1 0.1
0 0 0 1 4.520141 6.502433 3.975502 0.1 0.1
0 0 0 1 4.608669 6.434333 4.109746 0.1 0.1
0 0 0 1 4.70292 6.377117 4.246219 0.1 0.1
0 0 0 1 4.80633 6.327717 4.393698 0.1 0.1
0 0 0 1 4.902908 6.295395 4.532582 0.1 0.1
0 0 0 1 4.986147 6.276957 4.657812 0.1 0.1
0 0 0 1 5.173438 6.259558 4.939062 0.1 0.1
0 0 0 1 5.25789 6.269976 5.080134 0.1 0.1
0 0 0 1 5.365431 6.306931 5.278617 0.1 0.1
0 0 0 1 5.454688 6.372903 5.459842 0.1 0.1
0 0 0 1 5.526888 6.449766 5.610972 0.1 0.1
0 0 0 1 5.597471 6.541888 5.766878 0.1 0.1
0 0 0 1 5.665327 6.65124 5.917385 0.1 0.1
0 0 0 1 5.738034 6.789405 6.080565 0.1 0.1
0 0 0 1 5.934044 7.536896 6.587929 0.1 0.1
0 0 0 1 5.946525 8.086062 6.76547 0.1 0.1
0 0 0 1 5.832793 9.178309 6.716576 0.1 0.1
0 0 0 1 5.409266 10.52212 5.950031 0.1 0.1
0 0 0 1 5.360386 10.5794 5.835749 0.1 0.1
0 0 0 1 5.420497 10.47837 5.945503 0.1 0.1
0 0 0 1 5.420497 10.47837 5.945503 0.1 0.1
0 0 0 1 5.23932 10.78326 5.528997 0.1 0.1
0 0 0 1 5.158121 10.87277 5.354316 0.1 0.1
0 0 0 1 5.062381 10.95034 5.15761 0.1 0.1
0 0 0 1 4.939186 11.00944 4.935668 0.1 0.1
0 0 0 1 4.942854 11.0066 4.955381 0.1 0.1
0 0 0 1 4.739017 11.04104 4.655242 0.1 0.1
0 0 0 1 4.62478 11.03562 4.506123 0.1 0.1
0 0 0 1 4.507827 11.01244 4.362768 0.1 0.1
0 0 0 1 4.395504 10.97121 4.236392 0.1 0.1
0 0 0 1 4.282248 10.91454 4.106875 0.1 0.1
0 0 0 1 4.181825 10.85075 3.982826 0.1 0.1
0 0 0 1 4.087398 10.78019 3.871349 0.1 0.1
0 0 0 1 3.988789 10.6914 3.756449 0.1 0.1
0 0 0 1 3.905475 10.6029 3.657693 0.1 0.1
0 0 0 1 3.826338 10.50272 3.557795 0.1 0.1
0 0 0 1 3.748938 10.38906 3.445563 0.1 0.1
0 0 0 1 3.688004 10.27769 3.343077 0.1 0.1
0 0 0 1 3.62771 10.14337 3.230209 0.1 0.1
0 0 0 1 3.580809 10.01364 3.13685 0.1 0.1
0 0 0 1 3.534279 9.86567 3.045635 0.1 0.1
0 0 0 1 3.48906 9.628092 2.911943 0.1 0.1
0 0 0 1 3.471664 9.462611 2.830949 0.1 0.1
0 0 0 1 3.463555 9.134525 2.713995 0.1 0.1
0 0 0 1 3.463555 9.134525 2.713995 0.1 0.1
0 0 0 1 3.452966 8.983455 2.681326 0.1 0.1
0 0 0 1 3.533489 8.390017 2.593527 0.1 0.1
0 0 0 1 3.564586 8.178756 2.593252 0.1 0.1
0 0 0 1 3.695873 7.70414 2.64492 0.1 0.1
0 0 0 1 3.817626 7.390704 2.75228 0.1 0.1
0 0 0 1 3.937203 7.130489 2.888637 0.1 0.1
0 0 0 1 4.031094 6.967149 3.014511 0.1 0.1
0 0 0 1 4.097665 6.856693 3.117821 0.1 0.1
0 0 0 1 4.174536 6.720814 3.24363 0.1 0.1
0 0 0 1 4.354679 6.479914 3.492095 0.1 0.1
0 0 0 1 4.433619 6.385518 3.602551 0.1 0.1
0 0 0 1 4.560196 6.257626 3.763012 0.1 0.1
0 0 0 1 4.357134 6.427538 3.576281 0.1 0.1
0 0 0 1 4.357134 6.427538 3.576281 0.1 0.1
0 0 0 1 4.519406 6.274764 3.781075 0.1 0.1
0 0 0 1 5.321442 5.853745 4.771974 0.1 0.1
0 0 0 1 5.618512 5.835428 5.111186 0.1 0.1
0 0 0 1 5.798135 5.857975 5.292783 0.1 0.1
0 0 0 1 6.196143 5.956454 5.674399 0.1 0.1
0 0 0 1 6.343504 6.015935 5.818546 0.1 0.1
0 0 0 1 6.561816 6.134832 6.01379 0.1 0.1
0 0 0 1 6.869961 6.361125 6.281703 0.1 0.1
0 0 0 1 7.118093 6.622186 6.484334 0.1 0.1
0 0 0 1 7.47665 7.221992 6.818548 0.1 0.1
0 0 0 1 7.638662 7.668151 6.977857 0.1 0.1
0 0 0 1 7.7279 8.455714 7.141311 0.1 0.1
0 0 0 1 7.691929 8.868648 7.169079 0.1 0.1
0 0 0 1 7.618636 9.176324 7.141397 0.1 0.1
0 0 0 1 7.520267 9.470405 7.106107 0.1 0.1
0 0 0 1 7.638491 9.07815 7.133811 0.1 0.1
0 0 0 1 7.386533 9.754826 7.05022 0.1 0.1
0 0 0 1 7.32986 9.85547 7.017978 0.1 0.1
0 0 0 1 7.253658 9.980682 6.974182 0.1 0.1
0 0 0 1 7.059667 10.24512 6.859073 0.1 0.1
0 0 0 1 6.935857 10.3786 6.769671 0.1 0.1
0 0 0 1 6.847567 10.45896 6.698959 0.1 0.1
0 0 0 1 6.641824 10.59472 6.52314 0.1 0.1
0 0 0 1 6.392215 10.69722 6.287184 0.1 0.1
0 0 0 1 6.263805 10.72609 6.147072 0.1 0.1
0 0 0 1 6.158216 10.7352 6.022275 0.1 0.1
0 0 0 1 5.924494 10.71024 5.725572 0.1 0.1
0 0 0 1 5.875336 10.69342 5.656242 0.1 0.1
0 0 0 1 5.660853 10.56724 5.355881 0.1 0.1
0 0 0 1 5.548051 10.46146 5.207995 0.1 0.1
0 0 0 1 5.406352 10.26967 5.001472 0.1 0.1
0 0 0 1 5.315165 10.11382 4.889377 0.1 0.1
0 0 0 1 5.213128 9.865431 4.735675 0.1 0.1
0 0 0 1 5.139721 9.555353 4.594706 0.1 0.1
0 0 0 1 5.108899 9.409204 4.553915 0.1 0.1
0 0 0 1 5.085751 9.100558 4.458926 0.1 0.1
0 0 0 1 5.083354 8.917306 4.41174 0.1 0.1
0 0 0 1 5.091449 8.739071 4.371773 0.1 0.1
0 0 0 1 5.106733 8.592183 4.33889 0.1 0.1
0 0 0 1 5.140749 8.386127 4.300897 0.1 0.1
0 0 0 1 5.174882 8.215075 4.280033 0.1 0.1
0 0 0 1 5.237477 7.96315 4.263252 0.1 0.1
0 0 0 1 5.328256 7.656905 4.256125 0.1 0.1
0 0 0 1 5.515712 7.223298 4.270522 0.1 0.1
0 0 0 1 5.618879 7.012362 4.297106 0.1 0.1
0 0 0 1 5.74205 6.800494 4.342762 0.1 0.1
0 0 0 1 5.845775 6.63958 4.397117 0.1 0.1
0 0 0 1 5.932855 6.52164 4.449724 0.1 0.1
0 0 0 1 6.142668 6.287336 4.566044 0.1 0.1
0 0 0 1 6.223656 6.204012 4.632064 0.1 0.1
0 0 0 1 6.335577 6.100708 4.739717 0.1 0.1
0 0 0 1 6.436392 6.018733 4.862924 0.1 0.1
0 0 0 1 6.527169 5.963007 5.013366 0.1 0.1
0 0 0 1 6.68501 5.916492 5.310201 0.1 0.1
0 0 0 1 6.742733 5.930624 5.461204 0.1 0.1
0 0 0 1 6.794251 5.960561 5.615199 0.1 0.1
0 0 0 1 6.846934 6.016495 5.800124 0.1 0.1
0 0 0 1 6.890355 6.076586 5.953317 0.1 0.1
0 0 0 1 6.968731 6.25703 6.293983 0.1 0.1
0 0 0 1 7.000384 6.396828 6.474061 0.1 0.1
0 0 0 1 7.023966 6.531043 6.622519 0.1 0.1
0 0 0 1 7.046716 6.670346 6.752404 0.1 0.1
0 0 0 1 7.06172 6.770884 6.824933 0.1 0.1
0 0 0 1 7.076896 6.966675 6.958221 0.1 0.1
0 0 0 1 7.08161 7.099838 7.030374 0.1 0.1
0 0 0 1 7.080831 7.269836 7.107296 0.1 0.1
0 0 0 1 7.069845 7.463892 7.165565 0.1 0.1
0 0 0 1 7.051748 7.672114 7.204226 0.1 0.1
0 0 0 1 7.03202 7.867477 7.221579 0.1 0.1
0 0 0 1 7.004329 8.085493 7.219485 0.1 0.1
0 0 0 1 6.969481 8.29591 7.190539 0.1 0.1
0 0 0 1 6.933228 8.498916 7.13974 0.1 0.1
0 0 0 1 6.894 8.711549 7.0582 0.1 0.1
0 0 0 1 6.849796 8.922498 6.944378 0.1 0.1
0 0 0 1 6.796841 9.13308 6.795427 0.1 0.1
0 0 0 1 6.750656 9.28063 6.653809 0.1 0.1
0 0 0 1 6.705931 9.417542 6.480527 0.1 0.1
0 0 0 1 6.611048 9.658773 6.116842 0.1 0.1
0 0 0 1 6.580789 9.738277 5.953939 0.1 0.1
0 0 0 1 6.547479 9.797396 5.776386 0.1 0.1
0 0 0 1 6.511767 9.832225 5.599403 0.1 0.1
0 0 0 1 6.471595 9.851595 5.41082 0.1 0.1
0 0 0 1 6.41768 9.850455 5.198451 0.1 0.1
0 0 0 1 6.350743 9.82129 4.961108 0.1 0.1
0 0 0 1 6.291656 9.766692 4.734655 0.1 0.1
u 6.291656 9.766692 4.734655
d 7.468322 8.819369 4.905998
0 0 0 1 7.513936 8.81226 4.90864 0.1 0.1
0 0 0 1 7.562546 8.807528 4.908319 0.1 0.1
0 0 0 1 7.602157 8.802029 4.912935 0.1 0.1
0 0 0 1 7.64301 8.797997 4.917302 0.1 0.1
0 0 0 1 7.696662 8.794001 4.917833 0.1 0.1
0 0 0 1 7.746622 8.790563 4.913918 0.1 0.1
0 0 0 1 7.809436 8.77905 4.907506 0.1 0.1
0 0 0 1 7.914388 8.753094 4.900988 0.1 0.1
0 0 0 1 7.995254 8.723721 4.897797 0.1 0.1
0 0 0 1 8.056999 8.69895 4.895697 0.1 0.1
0 0 0 1 8.112696 8.673127 4.894442 0.1 0.1
0 0 0 1 8.169859 8.646779 4.893641 0.1 0.1
0 0 0 1 8.21926 8.624907 4.891205 0.1 0.1
0 0 0 1 8.274921 8.602839 4.887277 0.1 0.1
0 0 0 1 8.339828 8.578672 4.881568 0.1 0.1
0 0 0 1 8.414844 8.555435 4.870892 0.1 0.1
0 0 0 1 8.492401 8.53444 4.859343 0.1 0.1
0 0 0 1 8.578838 8.518902 4.845805 0.1 0.1
0 0 0 1 8.679057 8.510519 4.8269 0.1 0.1
0 0 0 1 8.778993 8.5088 4.803723 0.1 0.1
0 0 0 1 8.849924 8.509683 4.787084 0.1 0.1
0 0 0 1 8.923756 8.516826 4.766568 0.1 0.1
0 0 0 1 8.970145 8.522082 4.753907 0.1 0.1
0 0 0 1 9.016777 8.532096 4.738252 0.1 0.1
0 0 0 1 9.063908 8.545714 4.721623 0.1 0.1
0 0 0 1 9.117124 8.56039 4.704393 0.1 0.1
0 0 0 1 9.163232 8.571665 4.6917 0.1 0.1
0 0 0 1 9.20988 8.586628 4.677598 0.1 0.1
0 0 0 1 9.250717 8.605811 4.663373 0.1 0.1
0 0 0 1 9.281922 8.627501 4.649161 0.1 0.1
0 0 0 1 9.304577 8.65296 4.637733 0.1 0.1
0 0 0 1 9.317402 8.680264 4.62756 0.1 0.1
0 0 0 1 9.327847 8.713818 4.620182 0.1 0.1
0 0 0 1 9.334204 8.744426 4.614669 0.1 0.1
0 0 0 1 9.330751 8.777892 4.615445 0.1 0.1
0 0 0 1 9.319592 8.810821 4.618901 0.1 0.1
0 0 0 1 9.301451 8.84676 4.626398 0.1 0.1
0 0 0 1 9.276821 8.880695 4.635635 0.1 0.1
0 0 0 1 9.247549 8.915233 4.647081 0.1 0.1
0 0 0 1 9.21052 8.951709 4.661313 0.1 0.1
0 0 0 1 9.165934 8.982635 4.68118 0.1 0.1
0 0 0 1 9.108243 9.015507 4.707068 0.1 0.1
0 0 0 1 9.051382 9.041789 4.734414 0.1 0.1
0 0 0 1 8.992358 9.066824 4.762908 0.1 0.1
0 0 0 1 8.931916 9.087892 4.794482 0.1 0.1
0 0 0 1 8.936071 9.085233 4.790935 0.1 0.1
0 0 0 1 8.80389 9.114905 4.868964 0.1 0.1
0 0 0 1 8.742439 9.123185 4.904203 0.1 0.1
0 0 0 1 8.679897 9.128624 4.938322 0.1 0.1
0 0 0 1 8.607016 9.130678 4.977973 0.1 0.1
0 0 0 1 8.545135 9.128711 5.011159 0.1 0.1
0 0 0 1 8.474239 9.124581 5.04606 0.1 0.1
0 0 0 1 8.409012 9.120837 5.074639 0.1 0.1
0 0 0 1 8.335374 9.111485 5.105012 0.1 0.1
0 0 0 1 8.266061 9.100532 5.131421 0.1 0.1
0 0 0 1 8.190769 9.086473 5.157645 0.1 0.1
0 0 0 1 8.113914 9.071296 5.179574 0.1 0.1
0 0 0 1 8.031754 9.05375 5.199728 0.1 0.1
0 0 0 1 7.955745 9.033244 5.216848 0.1 0.1
0 0 0 1 7.88448 9.010061 5.233133 0.1 0.1
0 0 0 1 7.813388 8.983261 5.2493 0.1 0.1
0 0 0 1 7.743736 8.955281 5.263488 0.1 0.1
0 0 0 1 7.675889 8.925758 5.275788 0.1 0.1
0 0 0 1 7.612047 8.896112 5.286898 0.1 0.1
0 0 0 1 7.549749 8.86283 5.299567 0.1 0.1
0 0 0 1 7.490676 8.826568 5.311679 0.1 0.1
0 0 0 1 7.437713 8.791457 5.321076 0.1 0.1
0 0 0 1 7.378643 8.752687 5.329926 0.1 0.1
0 0 0 1 7.333335 8.72095 5.335986 0.1 0.1
0 0 0 1 7.286242 8.681369 5.340086 0.1 0.1
0 0 0 1 7.252399 8.643341 5.34126 0.1 0.1
0 0 0 1 7.225325 8.601488 5.341889 0.1 0.1
0 0 0 1 7.205301 8.556122 5.341444 0.1 0.1
0 0 0 1 7.194785 8.513075 5.336462 0.1 0.1
0 0 0 1 7.194635 8.452697 5.324672 0.1 0.1
0 0 0 1 7.208653 8.411041 5.313921 0.1 0.1
0 0 0 1 7.232143 8.361293 5.298861 0.1 0.1
0 0 0 1 7.284737 8.278529 5.263027 0.1 0.1
0 0 0 1 7.312101 8.246325 5.244411 0.1 0.1
0 0 0 1 7.346963 8.214542 5.223939 0.1 0.1
0 0 0 1 7.387941 8.186859 5.196842 0.1 0.1
0 0 0 1 7.412513 8.17571 5.166695 0.1 0.1
0 0 0 1 7.483323 8.158994 5.092078 0.1 0.1
0 0 0 1 7.519053 8.161759 5.049674 0.1 0.1
0 0 0 1 7.556728 8.166532 5.004762 0.1 0.1
0 0 0 1 7.587826 8.171565 4.956963 0.1 0.1
0 0 0 1 7.632421 8.187542 4.87664 0.1 0.1
0 0 0 1 7.648427 8.200998 4.826489 0.1 0.1
0 0 0 1 7.667622 8.213731 4.77907 0.1 0.1
0 0 0 1 7.692432 8.227855 4.723187 0.1 0.1
0 0 0 1 7.704645 8.237926 4.66884 0.1 0.1
0 0 0 1 7.716695 8.270547 4.575856 0.1 0.1
0 0 0 1 7.725928 8.290907 4.528344 0.1 0.1
0 0 0 1 7.732684 8.30741 4.485678 0.1 0.1
0 0 0 1 7.735106 8.321747 4.445623 0.1 0.1
0 0 0 1 7.734438 8.332086 4.417692 0.1 0.1
0 0 0 1 7.728342 8.34958 4.382398 0.1 0.1
0 0 0 1 7.722658 8.373429 4.341254 0.1 0.1
0 0 0 1 7.721157 8.396426 4.298603 0.1 0.1
0 0 0 1 7.720089 8.414493 4.263191 0.1 0.1
0 0 0 1 7.717853 8.435744 4.222858 0.1 0.1
0 0 0 1 7.709429 8.456996 4.18618 0.1 0.1
0 0 0 1 7.704986 8.48912 4.130927 0.1 0.1
0 0 0 1 7.699979 8.506944 4.099511 0.1 0.1
0 0 0 1 7.693077 8.523352 4.072081 0.1 0.1
0 0 0 1 7.691444 8.536115 4.047795 0.1 0.1
0 0 0 1 7.681987 8.547847 4.03016 0.1 0.1
0 0 0 1 7.671149 8.562591 4.012064 0.1 0.1
0 0 0 1 7.666596 8.572479 3.993526 0.1 0.1
0 0 0 1 7.663688 8.584257 3.983874 0.1 0.1
0 0 0 1 7.651179 8.600789 3.961361 0.1 0.1
0 0 0 1 7.632743 8.629446 3.927451 0.1 0.1
0 0 0 1 7.621635 8.641941 3.913239 0.1 0.1
0 0 0 1 7.612392 8.654582 3.901297 0.1 0.1
0 0 0 1 7.60924 8.662328 3.89036 0.1 0.1
0 0 0 1 7.598267 8.681581 3.867906 0.1 0.1
0 0 0 1 7.588533 8.692272 3.856418 0.1 0.1
0 0 0 1 7.580504 8.702115 3.845538 0.1 0.1
0 0 0 1 7.57343 8.715363 3.833022 0.1 0.1
0 0 0 1 7.572325 8.727859 3.820072 0.1 0.1
0 0 0 1 7.563146 8.739199 3.809733 0.1 0.1
0 0 0 1 7.553465 8.753975 3.798944 0.1 0.1
0 0 0 1 7.547883 8.771585 3.784663 0.1 0.1
0 0 0 1 7.545286 8.789367 3.77171 0.1 0.1
0 0 0 1 7.545095 8.807704 3.758196 0.1 0.1
0 0 0 1 7.541315 8.826719 3.743014 0.1 0.1
0 0 0 1 7.532826 8.863086 3.720491 0.1 0.1
0 0 0 1 7.526179 8.882668 3.710014 0.1 0.1
0 0 0 1 7.523188 8.902574 3.699929 0.1 0.1
0 0 0 1 7.521968 8.918228 3.692297 0.1 0.1
0 0 0 1 7.512697 8.935183 3.677844 0.1 0.1
0 0 0 1 7.502442 8.962406 3.658062 0.1 0.1
0 0 0 1 7.486553 8.983357 3.638061 0.1 0.1
0 0 0 1 7.489827 8.997066 3.67007 0.1 0.1
0 0 0 1 7.479913 9.011995 3.641033 0.1 0.1
0 0 0 1 7.477216 9.021087 3.635715 0.1 0.1
0 0 0 1 7.474512 9.030929 3.631935 0.1 0.1
0 0 0 1 7.468043 9.045615 3.624413 0.1 0.1
0 0 0 1 7.464519 9.052313 3.622772 0.1 0.1
0 0 0 1 7.464375 9.054779 3.623767 0.1 0.1
0 0 0 1 7.463302 9.055336 3.628751 0.1 0.1
0 0 0 1 7.457371 9.058359 3.628747 0.1 0.1
0 0 0 1 7.449407 9.062357 3.633243 0.1 0.1
0 0 0 1 7.446611 9.064731 3.636291 0.1 0.1
0 0 0 1 7.447799 9.066431 3.640931 0.1 0.1
0 0 0 1 7.448477 9.065038 3.647693 0.1 0.1
0 0 0 1 7.44813 9.065979 3.65322 0.1 0.1
0 0 0 1 7.448169 9.068339 3.658763 0.1 0.1
0 0 0 1 7.454324 9.07438 3.666876 0.1 0.1
0 0 0 1 7.460796 9.075462 3.669645 0.1 0.1
0 0 0 1 7.470551 9.073955 3.674976 0.1 0.1
0 0 0 1 7.483128 9.06817 3.682288 0.1 0.1
0 0 0 1 7.500206 9.065734 3.684026 0.1 0.1
0 0 0 1 7.527058 9.061565 3.688973 0.1 0.1
0 0 0 1 7.544988 9.05344 3.694153 0.1 0.1
0 0 0 1 7.556605 9.051058 3.694503 0.1 0.1
0 0 0 1 7.565282 9.053803 3.688704 0.1 0.1
0 0 0 1 7.573464 9.057117 3.682655 0.1 0.1
0 0 0 1 7.581514 9.060303 3.676161 0.1 0.1
0 0 0 1 7.583822 9.060616 3.674691 0.1 0.1
0 0 0 1 7.590495 9.063048 3.668944 0.1 0.1
0 0 0 1 7.592515 9.066447 3.662869 0.1 0.1
0 0 0 1 7.5935 9.0714 3.654376 0.1 0.1
0 0 0 1 7.597031 9.075692 3.647324 0.1 0.1
0 0 0 1 7.597579 9.082698 3.635467 0.1 0.1
0 0 0 1 7.597926 9.09758 3.616708 0.1 0.1
0 0 0 1 7.598732 9.107915 3.604505 0.1 0.1
0 0 0 1 7.59979 9.113008 3.596907 0.1 0.1
0 0 0 1 7.59547 9.120556 3.589945 0.1 0.1
0 0 0 1 7.590368 9.127087 3.583527 0.1 0.1
0 0 0 1 7.585051 9.137263 3.574727 0.1 0.1
0 0 0 1 7.584147 9.146833 3.566524 0.1 0.1
0 0 0 1 7.5741 9.156665 3.560409 0.1 0.1
0 0 0 1 7.561416 9.172761 3.55334 0.1 0.1
0 0 0 1 7.553577 9.181089 3.550128 0.1 0.1
0 0 0 1 7.546637 9.191232 3.546546 0.1 0.1
0 0 0 1 7.540713 9.197748 3.54536 0.1 0.1
0 0 0 1 7.533345 9.20143 3.547214 0.1 0.1
0 0 0 1 7.526027 9.20773 3.552476 0.1 0.1
0 0 0 1 7.520467 9.211287 3.563481 0.1 0.1
0 0 0 1 7.515167 9.217776 3.573287 0.1 0.1
0 0 0 1 7.51122 9.23125 3.581915 0.1 0.1
0 0 0 1 7.508403 9.244558 3.583637 0.1 0.1
0 0 0 1 7.502769 9.259995 3.589741 0.1 0.1
0 0 0 1 7.49439 9.297194 3.593132 0.1 0.1
0 0 0 1 7.492823 9.313511 3.595649 0.1 0.1
0 0 0 1 7.488335 9.328689 3.598604 0.1 0.1
0 0 0 1 7.482347 9.352041 3.595871 0.1 0.1
0 0 0 1 7.475731 9.37506 3.59292 0.1 0.1
0 0 0 1 7.462015 9.419947 3.586962 0.1 0.1
0 0 0 1 7.456673 9.447497 3.585558 0.1 0.1
0 0 0 1 7.448792 9.480644 3.581081 0.1 0.1
0 0 0 1 7.441782 9.507732 3.576255 0.1 0.1
0 0 0 1 7.430107 9.526035 3.578706 0.1 0.1
0 0 0 1 7.425065 9.586732 3.575627 0.1 0.1
0 0 0 1 7.423575 9.608815 3.574252 0.1 0.1
0 0 0 1 7.418112 9.642571 3.573102 0.1 0.1
0 0 0 1 7.417181 9.68521 3.574563 0.1 0.1
0 0 0 1 7.428023 9.718657 3.577084 0.1 0.1
0 0 0 1 7.444686 9.763749 3.58453 0.1 0.1
0 0 0 1 7.459619 9.803714 3.584234 0.1 0.1
0 0 0 1 7.474509 9.847106 3.581972 0.1 0.1
0 0 0 1 7.487992 9.88702 3.576366 0.1 0.1
0 0 0 1 7.516828 9.945987 3.577791 0.1 0.1
0 0 0 1 7.530967 9.969758 3.57497 0.1 0.1
0 0 0 1 7.535325 9.985336 3.569738 0.1 0.1
0 0 0 1 7.544376 10.00749 3.55704 0.1 0.1
0 0 0 1 7.557524 10.02446 3.556901 0.1 0.1
0 0 0 1 7.55381 10.02272 3.554712 0.1 0.1
0 0 0 1 7.547405 10.02364 3.554054 0.1 0.1
0 0 0 1 7.544266 10.02879 3.55004 0.1 0.1
0 0 0 1 7.544757 10.0328 3.544298 0.1 0.1
0 0 0 1 7.537291 10.033 3.537846 0.1 0.1
0 0 0 1 7.525454 10.03099 3.53526 0.1 0.1
0 0 0 1 7.517488 10.02899 3.535182 0.1 0.1
0 0 0 1 7.507389 10.02504 3.534041 0.1 0.1
0 0 0 1 7.489381 10.01817 3.536683 0.1 0.1
0 0 0 1 7.482567 10.01629 3.537253 0.1 0.1
0 0 0 1 7.471546 10.01394 3.539813 0.1 0.1
0 0 0 1 7.466253 10.01396 3.540143 0.1 0.1
0 0 0 1 7.461358 10.01429 3.540847 0.1 0.1
0 0 0 1 7.457107 10.01454 3.541319 0.1 0.1
0 0 0 1 7.457006 10.01575 3.543022 0.1 0.1
0 0 0 1 7.456111 10.01419 3.544531 0.1 0.1
0 0 0 1 7.45149 10.01433 3.544569 0.1 0.1
0 0 0 1 7.445633 10.01479 3.545511 0.1 0.1
0 0 0 1 7.4427 10.01296 3.548568 0.1 0.1
0 0 0 1 7.440513 10.01001 3.552769 0.1 0.1
0 0 0 1 7.438089 10.00762 3.555931 0.1 0.1
0 0 0 1 7.433146 10.00555 3.557469 0.1 0.1
0 0 0 1 7.429367 10.00319 3.559812 0.1 0.1
0 0 0 1 7.428515 10.00114 3.561037 0.1 0.1
0 0 0 1 7.425885 9.997974 3.561917 0.1 0.1
0 0 0 1 7.420943 9.997051 3.56056 0.1 0.1
0 0 0 1 7.417089 9.996821 3.559815 0.1 0.1
0 0 0 1 7.415468 9.998685 3.557363 0.1 0.1
0 0 0 1 7.414857 10.00457 3.552616 0.1 0.1
0 0 0 1 7.413667 10.01264 3.545253 0.1 0.1
0 0 0 1 7.410819 10.02509 3.536157 0.1 0.1
0 0 0 1 7.41132 10.0428 3.525362 0.1 0.1
0 0 0 1 7.41177 10.06693 3.512125 0.1 0.1
0 0 0 1 7.412271 10.09807 3.501106 0.1 0.1
0 0 0 1 7.409735 10.1368 3.486344 0.1 0.1
0 0 0 1 7.411923 10.21654 3.466704 0.1 0.1
0 0 0 1 7.411978 10.26477 3.452726 0.1 0.1
0 0 0 1 7.411539 10.31285 3.43604 0.1 0.1
0 0 0 1 7.411769 10.368 3.413673 0.1 0.1
0 0 0 1 7.417978 10.47911 3.378318 0.1 0.1
0 0 0 1 7.422039 10.54086 3.355933 0.1 0.1
0 0 0 1 7.426903 10.60273 3.334926 0.1 0.1
0 0 0 1 7.435033 10.68196 3.312765 0.1 0.1
0 0 0 1 7.441394 10.7411 3.299355 0.1 0.1
0 0 0 1 7.450143 10.79468 3.285338 0.1 0.1
0 0 0 1 7.475078 10.9031 3.27031 0.1 0.1
0 0 0 1 7.491903 10.95969 3.260873 0.1 0.1
0 0 0 1 7.50553 11.00528 3.255819 0.1 0.1
0 0 0 1 7.526838 11.07309 3.248783 0.1 0.1
0 0 0 1 7.538847 11.11835 3.245528 0.1 0.1
0 0 0 1 7.549335 11.15291 3.246283 0.1 0.1
0 0 0 1 7.563181 11.20176 3.249044 0.1 0.1
0 0 0 1 7.586224 11.26514 3.257826 0.1 0.1
0 0 0 1 7.595777 11.30216 3.266809 0.1 0.1
0 0 0 1 7.600841 11.33377 3.276707 0.1 0.1
0 0 0 1 7.604134 11.35668 3.285842 0.1 0.1
0 0 0 1 7.604577 11.37638 3.297735 0.1 0.1
0 0 0 1 7.60154 11.38843 3.306174 0.1 0.1
0 0 0 1 7.596825 11.4029 3.317524 0.1 0.1
0 0 0 1 7.586717 11.42355 3.346546 0.1 0.1
0 0 0 1 7.578837 11.43203 3.362484 0.1 0.1
0 0 0 1 7.569249 11.4381 3.385458 0.1 0.1
0 0 0 1 7.555258 11.44274 3.421883 0.1 0.1
0 0 0 1 7.546655 11.44307 3.447384 0.1 0.1
0 0 0 1 7.534908 11.44098 3.476176 0.1 0.1
0 0 0 1 7.520347 11.44127 3.505684 0.1 0.1
0 0 0 1 7.491186 11.4338 3.57023 0.1 0.1
0 0 0 1 7.472927 11.43 3.599131 0.1 0.1
0 0 0 1 7.449276 11.4244 3.637432 0.1 0.1
0 0 0 1 7.419793 11.41524 3.680397 0.1 0.1
0 0 0 1 7.382546 11.39965 3.729838 0.1 0.1
0 0 0 1 7.318138 11.36948 3.808905 0.1 0.1
0 0 0 1 7.274866 11.35326 3.848408 0.1 0.1
0 0 0 1 7.180811 11.3137 3.927586 0.1 0.1
0 0 0 1 7.099106 11.28092 3.985429 0.1 0.1
0 0 0 1 7.054777 11.26463 4.009595 0.1 0.1
0 0 0 1 6.966956 11.23762 4.050951 0.1 0.1
0 0 0 1 6.8966 11.21876 4.078491 0.1 0.1
0 0 0 1 6.767315 11.18302 4.125475 0.1 0.1
0 0 0 1 6.696043 11.16534 4.145188 0.1 0.1
0 0 0 1 6.540003 11.12407 4.183257 0.1 0.1
0 0 0 1 6.446685 11.09867 4.200558 0.1 0.1
0 0 0 1 6.343046 11.07171 4.212448 0.1 0.1
0 0 0 1 6.233263 11.04128 4.218761 0.1 0.1
0 0 0 1 6.101647 11.00239 4.221663 0.1 0.1
0 0 0 1 6.005427 10.97137 4.218203 0.1 0.1
0 0 0 1 5.845538 10.91121 4.194477 0.1 0.1
0 0 0 1 5.74806 10.87579 4.158074 0.1 0.1
0 0 0 1 5.632289 10.82333 4.093067 0.1 0.1
0 0 0 1 5.576979 10.79256 4.052085 0.1 0.1
0 0 0 1 5.511859 10.74175 3.984205 0.1 0.1
u 5.511859 10.74175 3.984205
d 6.119695 10.01212 3.812906
0 0 0 1 6.249791 10.03061 3.890847 0.1 0.1
0 0 0 1 6.317048 10.01496 3.935655 0.1 0.1
0 0 0 1 6.472137 9.996216 4.038002 0.1 0.1
0 0 0 1 6.524062 9.977781 4.074208 0.1 0.1
0 0 0 1 6.615447 9.943189 4.144811 0.1 0.1
0 0 0 1 6.723058 9.900446 4.213784 0.1 0.1
0 0 0 1 6.845521 9.838661 4.272999 0.1 0.1
0 0 0 1 6.963098 9.766121 4.313159 0.1 0.1
0 0 0 1 7.029401 9.718493 4.324357 0.1 0.1
0 0 0 1 7.126361 9.639447 4.322341 0.1 0.1
0 0 0 1 7.170799 9.597375 4.308571 0.1 0.1
0 0 0 1 7.197067 9.565072 4.301859 0.1 0.1
0 0 0 1 7.247668 9.492224 4.281061 0.1 0.1
0 0 0 1 7.307577 9.394975 4.248816 0.1 0.1
0 0 0 1 7.339179 9.354828 4.226907 0.1 0.1
0 0 0 1 7.391115 9.277599 4.197873 0.1 0.1
0 0 0 1 7.430854 9.223858 4.162485 0.1 0.1
0 0 0 1 7.495804 9.151896 4.098956 0.1 0.1
0 0 0 1 7.531858 9.12413 4.045577 0.1 0.1
0 0 0 1 7.588808 9.104059 3.95754 0.1 0.1
0 0 0 1 7.621324 9.122482 3.892602 0.1 0.1
0 0 0 1 7.675146 9.149718 3.783211 0.1 0.1
0 0 0 1 7.699323 9.167469 3.710805 0.1 0.1
0 0 0 1 7.750921 9.221732 3.560542 0.1 0.1
0 0 0 1 7.768736 9.251724 3.475057 0.1 0.1
0 0 0 1 7.803436 9.32042 3.306443 0.1 0.1
0 0 0 1 7.811931 9.352688 3.215416 0.1 0.1
0 0 0 1 7.824726 9.412553 3.056801 0.1 0.1
0 0 0 1 7.817435 9.483078 2.894005 0.1 0.1
0 0 0 1 7.784562 9.559901 2.742642 0.1 0.1
u 7.784562 9.559901 2.742642
d 9.946752 6.772139 4.478354
0 0 0 1 9.966248 6.817927 4.613066 0.1 0.1
0 0 0 1 9.982985 6.843881 4.741319 0.1 0.1
0 0 0 1 10.00527 6.882488 4.865631 0.1 0.1
0 0 0 1 10.03529 6.94539 4.977095 0.1 0.1
0 0 0 1 10.05746 7.00691 5.085061 0.1 0.1
0 0 0 1 10.04723 7.085608 5.165187 0.1 0.1
0 0 0 1 10.00743 7.228186 5.227351 0.1 0.1
0 0 0 1 9.9536 7.388019 5.254319 0.1 0.1
0 0 0 1 9.885426 7.548386 5.248847 0.1 0.1
0 0 0 1 9.800949 7.695639 5.214697 0.1 0.1
0 0 0 1 9.695551 7.837295 5.152499 0.1 0.1
0 0 0 1 9.588167 7.94853 5.074502 0.1 0.1
0 0 0 1 9.469606 8.041398 4.972265 0.1 0.1
0 0 0 1 9.500192 8.013722 4.998902 0.1 0.1
0 0 0 1 9.135202 8.084041 4.65805 0.1 0.1
0 0 0 1 9.025825 8.019946 4.566608 0.1 0.1
0 0 0 1 8.931441 7.927499 4.488677 0.1 0.1
0 0 0 1 8.931441 7.927499 4.488677 0.1 0.1
0 0 0 1 8.84503 7.803224 4.414648 0.1 0.1
0 0 0 1 8.783025 7.664095 4.358801 0.1 0.1
0 0 0 1 8.723589 7.438008 4.296099 0.1 0.1
0 0 0 1 8.694082 7.116778 4.229734 0.1 0.1
0 0 0 1 8.732134 6.843162 4.184189 0.1 0.1
0 0 0 1 8.791847 6.476382 4.115062 0.1 0.1
0 0 0 1 9.025919 5.882651 3.839307 0.1 0.1
0 0 0 1 9.13798 5.794224 3.762199 0.1 0.1
0 0 0 1 9.13798 5.794224 3.762199 0.1 0.1
0 0 0 1 9.253163 5.728292 3.727648 0.1 0.1
0 0 0 1 9.560022 5.698465 3.662843 0.1 0.1
0 0 0 1 9.810905 5.767125 3.69631 0.1 0.1
0 0 0 1 10.08854 5.936557 3.81632 0.1 0.1
0 0 0 1 10.24183 6.176439 3.969755 0.1 0.1
0 0 0 1 10.31619 6.359782 4.061575 0.1 0.1
0 0 0 1 10.38208 6.606434 4.149988 0.1 0.1
0 0 0 1 10.41126 6.86771 4.218553 0.1 0.1
0 0 0 1 10.38414 6.716193 4.169368 0.1 0.1
0 0 0 1 10.36012 7.123666 4.260562 0.1 0.1
0 0 0 1 10.31174 7.225603 4.278673 0.1 0.1
0 0 0 1 10.23554 7.306169 4.307881 0.1 0.1
0 0 0 1 10.06916 7.427081 4.368176 0.1 0.1
0 0 0 1 9.921312 7.460975 4.420322 0.1 0.1
0 0 0 1 9.801927 7.458951 4.463528 0.1 0.1
0 0 0 1 9.706932 7.431202 4.502517 0.1 0.1
0 0 0 1 9.605062 7.372379 4.546671 0.1 0.1
0 0 0 1 9.521274 7.312151 4.574651 0.1 0.1
0 0 0 1 9.312887 7.155994 4.612431 0.1 0.1
0 0 0 1 9.184454 7.061831 4.620212 0.1 0.1
0 0 0 1 9.08788 6.983861 4.621203 0.1 0.1
0 0 0 1 8.95598 6.919844 4.614194 0.1 0.1
0 0 0 1 8.709727 6.821188 4.56853 0.1 0.1
0 0 0 1 8.579538 6.806153 4.556589 0.1 0.1
0 0 0 1 8.28517 6.780202 4.466503 0.1 0.1
0 0 0 1 8.09204 6.825024 4.420177 0.1 0.1
0 0 0 1 7.871652 6.908082 4.3405 0.1 0.1
0 0 0 1 7.728035 7.002952 4.28001 0.1 0.1
0 0 0 1 7.551438 7.167471 4.190841 0.1 0.1
0 0 0 1 7.482752 7.293421 4.157157 0.1 0.1
0 0 0 1 7.4105 7.539436 4.104938 0.1 0.1
0 0 0 1 7.408309 7.667622 4.110035 0.1 0.1
0 0 0 1 7.430272 7.759585 4.131791 0.1 0.1
0 0 0 1 7.4895 8.011923 4.16871 0.1 0.1
0 0 0 1 7.543385 8.0947 4.182782 0.1 0.1
0 0 0 1 7.670835 8.283207 4.229536 0.1 0.1
0 0 0 1 7.768263 8.357208 4.262763 0.1 0.1
0 0 0 1 7.85113 8.395911 4.290457 0.1 0.1
0 0 0 1 8.079611 8.46965 4.34278 0.1 0.1
0 0 0 1 8.173935 8.459676 4.362371 0.1 0.1
0 0 0 1 8.290781 8.433751 4.371735 0.1 0.1
0 0 0 1 8.484173 8.343421 4.339337 0.1 0.1
0 0 0 1 8.538122 8.290202 4.285391 0.1 0.1
0 0 0 1 8.669457 8.174785 4.132771 0.1 0.1
0 0 0 1 8.732581 8.124148 4.032166 0.1 0.1
0 0 0 1 8.793894 8.077054 3.99298 0.1 0.1
0 0 0 1 8.931456 7.933407 3.839833 0.1 0.1
0 0 0 1 8.997927 7.805179 3.790053 0.1 0.1
0 0 0 1 9.084236 7.575819 3.690952 0.1 0.1
0 0 0 1 9.137941 7.414091 3.647846 0.1 0.1
0 0 0 1 9.215027 7.191175 3.604486 0.1 0.1
0 0 0 1 9.278458 7.09904 3.614908 0.1 0.1
0 0 0 1 9.381874 6.973625 3.651966 0.1 0.1
0 0 0 1 9.456263 6.894638 3.697336 0.1 0.1
0 0 0 1 9.559265 6.772539 3.776488 0.1 0.1
0 0 0 1 9.676563 6.622309 3.904668 0.1 0.1
0 0 0 1 9.666771 6.58782 3.929098 0.1 0.1
0 0 0 1 9.686659 6.489408 4.010023 0.1 0.1
0 0 0 1 9.679052 6.420141 4.057798 0.1 0.1
0 0 0 1 9.677567 6.382565 4.096732 0.1 0.1
0 0 0 1 9.648623 6.277522 4.200377 0.1 0.1
0 0 0 1 9.626118 6.280052 4.225845 0.1 0.1
0 0 0 1 9.575954 6.243022 4.315353 0.1 0.1
0 0 0 1 9.441904 6.283524 4.482621 0.1 0.1
0 0 0 1 9.441904 6.283524 4.482621 0.1 0.1
0 0 0 1 9.281475 6.390683 4.633901 0.1 0.1
0 0 0 1 9.281475 6.390683 4.633901 0.1 0.1
0 0 0 1 9.227762 6.423223 4.687021 0.1 0.1
0 0 0 1 9.028975 6.536421 4.842969 0.1 0.1
0 0 0 1 9.028975 6.536421 4.842969 0.1 0.1
0 0 0 1 8.80062 6.616459 4.935092 0.1 0.1
0 0 0 1 8.632283 6.660811 4.945077 0.1 0.1
0 0 0 1 8.473768 6.717236 4.937682 0.1 0.1
0 0 0 1 8.266079 6.832282 4.879524 0.1 0.1
0 0 0 1 8.269879 6.837451 4.879702 0.1 0.1
0 0 0 1 7.975324 7.129814 4.633808 0.1 0.1
0 0 0 1 7.930931 7.252179 4.523063 0.1 0.1
u 7.930931 7.252179 4.523063
d 3.690776 7.60135 5.993085
0 0 0 1 3.666518 7.599316 6.001888 0.1 0.1
0 0 0 1 3.649919 7.606359 6.038578 0.1 0.1
0 0 0 1 3.64029 7.610647 6.100482 0.1 0.1
0 0 0 1 3.635202 7.610175 6.165829 0.1 0.1
0 0 0 1 3.634229 7.617732 6.226813 0.1 0.1
0 0 0 1 3.639602 7.629405 6.282287 0.1 0.1
0 0 0 1 3.649966 7.642864 6.344256 0.1 0.1
0 0 0 1 3.665632 7.662979 6.411084 0.1 0.1
0 0 0 1 3.692368 7.695369 6.490107 0.1 0.1
0 0 0 1 3.727885 7.738025 6.570922 0.1 0.1
0 0 0 1 3.781898 7.794122 6.662658 0.1 0.1
0 0 0 1 3.84546 7.856635 6.748596 0.1 0.1
0 0 0 1 3.928432 7.935795 6.840891 0.1 0.1
0 0 0 1 4.013668 8.014643 6.918375 0.1 0.1
0 0 0 1 4.11124 8.099446 6.987224 0.1 0.1
0 0 0 1 4.215232 8.181703 7.044195 0.1 0.1
0 0 0 1 4.32536 8.261518 7.090628 0.1 0.1
0 0 0 1 4.435257 8.33886 7.122472 0.1 0.1
0 0 0 1 4.54911 8.413107 7.140129 0.1 0.1
0 0 0 1 4.653332 8.477052 7.14161 0.1 0.1
0 0 0 1 4.75286 8.53655 7.131735 0.1 0.1
0 0 0 1 4.846657 8.590482 7.112692 0.1 0.1
0 0 0 1 4.939221 8.638229 7.085981 0.1 0.1
0 0 0 1 5.020452 8.674515 7.053296 0.1 0.1
0 0 0 1 5.103098 8.707849 7.008258 0.1 0.1
0 0 0 1 5.170954 8.734674 6.956534 0.1 0.1
0 0 0 1 5.169716 8.736738 6.952191 0.1 0.1
0 0 0 1 5.282305 8.77457 6.825711 0.1 0.1
0 0 0 1 5.305517 8.78057 6.788763 0.1 0.1
0 0 0 1 5.338313 8.784355 6.733069 0.1 0.1
0 0 0 1 5.375056 8.782781 6.655663 0.1 0.1
0 0 0 1 5.400204 8.775137 6.587651 0.1 0.1
0 0 0 1 5.420506 8.75919 6.498291 0.1 0.1
0 0 0 1 5.42654 8.717124 6.362309 0.1 0.1
0 0 0 1 5.419575 8.692739 6.296087 0.1 0.1
u 5.419575 8.692739 6.296087
d 5.895479 10.27353 5.198316
0 0 0 1 5.947814 10.32814 5.330553 0.1 0.1
0 0 0 1 5.966426 10.3543 5.425694 0.1 0.1
0 0 0 1 5.985414 10.39015 5.541574 0.1 0.1
0 0 0 1 6.009651 10.42877 5.693597 0.1 0.1
0 0 0 1 6.028024 10.45626 5.840819 0.1 0.1
0 0 0 1 6.042695 10.47911 5.985858 0.1 0.1
0 0 0 1 6.073293 10.49902 6.146889 0.1 0.1
0 0 0 1 6.094995 10.50215 6.385825 0.1 0.1
0 0 0 1 6.07323 10.48645 6.617788 0.1 0.1
0 0 0 1 6.014238 10.48084 6.758927 0.1 0.1
0 0 0 1 5.886014 10.45765 6.929012 0.1 0.1
0 0 0 1 5.779473 10.44707 7.01495 0.1 0.1
0 0 0 1 5.612038 10.43536 7.081348 0.1 0.1
0 0 0 1 5.480082 10.44617 7.084656 0.1 0.1
0 0 0 1 5.338387 10.45784 7.060623 0.1 0.1
0 0 0 1 5.165842 10.45877 7.015883 0.1 0.1
0 0 0 1 5.029312 10.45415 6.966106 0.1 0.1
0 0 0 1 4.946008 10.44191 6.931257 0.1 0.1
0 0 0 1 4.759269 10.41131 6.824326 0.1 0.1
0 0 0 1 4.689369 10.39585 6.780868 0.1 0.1
0 0 0 1 4.625261 10.37894 6.726072 0.1 0.1
0 0 0 1 4.562872 10.37254 6.647796 0.1 0.1
0 0 0 1 4.518231 10.37043 6.569405 0.1 0.1
0 0 0 1 4.444431 10.35419 6.431902 0.1 0.1
0 0 0 1 4.416018 10.34652 6.339185 0.1 0.1
0 0 0 1 4.404147 10.34467 6.263165 0.1 0.1
0 0 0 1 4.39648 10.33887 6.165222 0.1 0.1
0 0 0 1 4.395292 10.33515 6.111607 0.1 0.1
0 0 0 1 4.406157 10.33499 6.056617 0.1 0.1
0 0 0 1 4.448807 10.3354 5.952215 0.1 0.1
0 0 0 1 4.479681 10.33505 5.92549 0.1 0.1
0 0 0 1 4.529158 10.33332 5.900408 0.1 0.1
0 0 0 1 4.591789 10.33988 5.879199 0.1 0.1
0 0 0 1 4.737933 10.35986 5.867955 0.1 0.1
0 0 0 1 4.840421 10.38133 5.87281 0.1 0.1
0 0 0 1 4.945159 10.4072 5.883924 0.1 0.1
0 0 0 1 5.075315 10.44842 5.912597 0.1 0.1
0 0 0 1 5.291373 10.52147 5.951786 0.1 0.1
0 0 0 1 5.436196 10.57331 5.975049 0.1 0.1
0 0 0 1 5.596189 10.62956 5.990938 0.1 0.1
0 0 0 1 5.861799 10.72285 6.016557 0.1 0.1
0 0 0 1 5.967845 10.75847 6.024768 0.1 0.1
0 0 0 1 6.215 10.83691 6.042804 0.1 0.1
0 0 0 1 6.350968 10.87149 6.040475 0.1 0.1
0 0 0 1 6.499226 10.90125 6.036765 0.1 0.1
0 0 0 1 6.714879 10.93237 6.043352 0.1 0.1
0 0 0 1 6.969457 10.93136 6.045921 0.1 0.1
0 0 0 1 7.105306 10.9062 6.055054 0.1 0.1
0 0 0 1 7.379322 10.80056 6.062034 0.1 0.1
0 0 0 1 7.564436 10.6568 6.046687 0.1 0.1
0 0 0 1 7.6209 10.6026 6.01333 0.1 0.1
0 0 0 1 7.723668 10.46058 5.946261 0.1 0.1
0 0 0 1 7.772881 10.38845 5.907485 0.1 0.1
0 0 0 1 7.838406 10.31922 5.886174 0.1 0.1
0 0 0 1 7.935555 10.1599 5.79803 0.1 0.1
0 0 0 1 7.965399 10.13732 5.705468 0.1 0.1
0 0 0 1 7.993671 10.09636 5.4999 0.1 0.1
0 0 0 1 7.967866 10.11619 5.36773 0.1 0.1
0 0 0 1 7.917067 10.1518 5.273937 0.1 0.1
0 0 0 1 7.794685 10.27444 5.06084 0.1 0.1
0 0 0 1 7.720105 10.33954 5.001583 0.1 0.1
0 0 0 1 7.61985 10.43898 4.939766 0.1 0.1
0 0 0 1 7.479476 10.57209 4.88974 0.1 0.1
0 0 0 1 7.223366 10.80208 4.833999 0.1 0.1
0 0 0 1 7.110448 10.89437 4.837509 0.1 0.1
0 0 0 1 6.980524 10.98451 4.849123 0.1 0.1
0 0 0 1 6.805241 11.08541 4.871701 0.1 0.1
0 0 0 1 6.641106 11.152 4.915905 0.1 0.1
0 0 0 1 6.302715 11.24318 5.04913 0.1 0.1
0 0 0 1 6.096172 11.25392 5.142655 0.1 0.1
0 0 0 1 5.923622 11.24249 5.183029 0.1 0.1
0 0 0 1 5.600459 11.17413 5.283316 0.1 0.1
0 0 0 1 5.493848 11.13931 5.33737 0.1 0.1
0 0 0 1 5.245675 11.0328 5.452223 0.1 0.1
0 0 0 1 5.127352 10.97615 5.505205 0.1 0.1
0 0 0 1 4.935188 10.85005 5.594728 0.1 0.1
0 0 0 1 4.851023 10.78897 5.632114 0.1 0.1
0 0 0 1 4.775332 10.73468 5.658031 0.1 0.1
0 0 0 1 4.602767 10.58495 5.715737 0.1 0.1
0 0 0 1 4.520641 10.51512 5.735778 0.1 0.1
0 0 0 1 4.458756 10.46038 5.758636 0.1 0.1
0 0 0 1 4.302274 10.31045 5.803033 0.1 0.1
0 0 0 1 4.161464 10.17353 5.818384 0.1 0.1
0 0 0 1 4.084049 10.10493 5.811165 0.1 0.1
0 0 0 1 3.994945 10.02922 5.772323 0.1 0.1
0 0 0 1 3.933381 9.976847 5.708795 0.1 0.1
0 0 0 1 3.901974 9.956788 5.61552 0.1 0.1
u 3.901974 9.956788 5.61552
d 5.554874 9.811053 9.454931
0 0 0 1 5.532519 9.777212 9.451389 0.1 0.1
0 0 0 1 5.522028 9.741612 9.453551 0.1 0.1
0 0 0 1 5.517993 9.710544 9.449141 0.1 0.1
0 0 0 1 5.507085 9.662631 9.444119 0.1 0.1
0 0 0 1 5.503589 9.662439 9.442239 0.1 0.1
0 0 0 1 5.478902 9.533088 9.438791 0.1 0.1
0 0 0 1 5.461572 9.451768 9.437149 0.1 0.1
0 0 0 1 5.444086 9.366741 9.437677 0.1 0.1
0 0 0 1 5.419893 9.241091 9.444109 0.1 0.1
0 0 0 1 5.395545 9.114765 9.454237 0.1 0.1
0 0 0 1 5.366114 8.947215 9.477636 0.1 0.1
0 0 0 1 5.341934 8.78285 9.509895 0.1 0.1
0 0 0 1 5.324345 8.627945 9.547913 0.1 0.1
0 0 0 1 5.308762 8.379874 9.617219 0.1 0.1
0 0 0 1 5.309042 8.22849 9.670998 0.1 0.1
0 0 0 1 5.318841 8.080357 9.730897 0.1 0.1
0 0 0 1 5.337356 7.954735 9.791035 0.1 0.1
0 0 0 1 5.362545 7.839633 9.856211 0.1 0.1
0 0 0 1 5.382387 7.75261 9.903349 0.1 0.1
0 0 0 1 5.406994 7.657404 9.973288 0.1 0.1
0 0 0 1 5.441067 7.553942 10.0593 0.1 0.1
0 0 0 1 5.476062 7.468203 10.14354 0.1 0.1
0 0 0 1 5.5163 7.392018 10.23762 0.1 0.1
0 0 0 1 5.553975 7.339416 10.32747 0.1 0.1
0 0 0 1 5.588028 7.306253 10.41353 0.1 0.1
0 0 0 1 5.628896 7.276328 10.52331 0.1 0.1
0 0 0 1 5.663438 7.264524 10.61538 0.1 0.1
0 0 0 1 5.692889 7.267974 10.69048 0.1 0.1
0 0 0 1 5.721466 7.278664 10.76725 0.1 0.1
u 5.721466 7.278664 10.76725
