d 6.769 8.732549 5.614607
0 0 0 128 6.766699 8.561572 5.540288
0 0 0 128 6.783067 8.377203 5.499654
0 0 0 128 6.792397 8.191354 5.496827
0 0 0 128 6.793633 8.007598 5.520428
0 0 0 128 6.783875 7.799236 5.559227
0 0 0 128 6.731573 7.487001 5.668488
0 0 0 128 6.680406 7.320514 5.735496
0 0 0 128 6.555398 7.040218 5.918187
0 0 0 128 6.46714 6.921011 6.041051
0 0 0 128 6.401701 6.853908 6.129705
0 0 0 128 6.331322 6.810391 6.210304
0 0 0 128 6.260928 6.772087 6.296354
0 0 0 128 6.200675 6.731782 6.397237
0 0 0 128 6.109258 6.703738 6.598851
0 0 0 128 6.0856 6.712459 6.6954
0 0 0 128 6.019639 6.744851 6.952198
0 0 0 128 6.009641 6.800061 7.074156
0 0 0 128 5.994141 6.916618 7.228232
0 0 0 128 5.918396 7.230609 7.42093
0 0 0 128 5.803851 7.521886 7.436589
0 0 0 128 5.665287 7.750547 7.384392
0 0 0 128 5.470243 7.992738 7.303192
0 0 0 128 5.279955 8.169242 7.237215
0 0 0 128 5.04591 8.363082 7.197235
0 0 0 128 4.761664 8.634137 7.101624
0 0 0 128 4.58196 8.801801 7.025013
0 0 0 128 4.486201 8.901301 6.97694
0 0 0 128 4.40744 8.981949 6.888581
0 0 0 128 4.365697 9.028265 6.826988
0 0 0 128 4.374533 9.093303 6.763061
0 0 0 128 4.468214 9.137271 6.744839
0 0 0 128 4.541045 9.163313 6.734963
u 4.541045 9.163313 6.734963
0 0 0 128 5.367023 8.887478 6.218631
0 0 0 128 5.483226 8.713358 6.076175
0 0 0 128 5.716221 8.32585 5.829959
0 0 0 128 5.935852 8.007069 5.73345
0 0 0 128 6.213803 7.509821 5.690094
0 0 0 128 6.364264 7.28703 5.72837
0 0 0 128 6.533417 6.969191 5.815713
0 0 0 128 6.642066 6.855902 5.871224
0 0 0 128 6.821672 6.672399 6.044214
0 0 0 128 6.897008 6.6087 6.12516
0 0 0 128 6.967738 6.520489 6.216497
0 0 0 128 7.087249 6.452897 6.403578
0 0 0 128 7.137803 6.444184 6.477419
0 0 0 128 7.206659 6.426418 6.601123
0 0 0 128 7.302354 6.455762 6.810838
0 0 0 128 7.328467 6.528312 6.888344
0 0 0 128 7.320218 6.619741 6.918695
0 0 0 128 7.298593 6.883783 7.012661
0 0 0 128 7.273855 6.99743 7.052447
0 0 0 128 7.2138 7.149409 7.042897
0 0 0 128 7.090388 7.35609 6.940186
0 0 0 128 6.995529 7.409796 6.822705
0 0 0 128 6.867696 7.47335 6.671216
0 0 0 128 6.734009 7.493924 6.515552
0 0 0 128 6.534306 7.451557 6.234808
0 0 0 128 6.400545 7.345033 6.027672
0 0 0 128 6.305435 7.240968 5.881944
0 0 0 128 6.293308 7.227234 5.850767
0 0 0 128 6.244208 7.161135 5.798764
0 0 0 128 6.252116 7.176186 5.800214
0 0 0 128 6.2545 7.134456 5.787685
0 0 0 128 6.280501 7.088367 5.820759
0 0 0 128 6.311807 7.079493 5.843973
0 0 0 128 6.328117 7.047732 5.859413
0 0 0 128 6.345749 6.989399 5.891284
0 0 0 128 6.342761 6.947957 5.898792
0 0 0 128 6.369136 6.941461 5.926467
0 0 0 128 6.41463 6.887434 6.002846
0 0 0 128 6.428487 6.876207 5.999712
0 0 0 128 6.448489 6.902176 5.985387
0 0 0 128 6.49498 6.996741 5.978939
0 0 0 128 6.524525 7.091241 5.971419
0 0 0 128 6.544063 7.208449 5.947928
0 0 0 128 6.600565 7.469373 5.912094
0 0 0 128 6.62987 7.636644 5.896227
0 0 0 128 6.642354 7.830494 5.87275
0 0 0 128 6.667004 8.173579 5.82317
0 0 0 128 6.661003 8.333549 5.796751
0 0 0 128 6.642322 8.535978 5.786808
0 0 0 128 6.609024 8.885588 5.771042
0 0 0 128 6.579857 9.01953 5.772265
0 0 0 128 6.547451 9.15003 5.778348
0 0 0 128 6.49837 9.327025 5.800446
0 0 0 128 6.683424 9.037808 5.73025
0 0 0 128 6.718934 8.868964 5.683986
0 0 0 128 6.722727 8.76688 5.642486
0 0 0 128 6.755727 8.63389 5.635198
0 0 0 128 6.764606 8.402522 5.609585
0 0 0 128 6.747031 8.265942 5.560887
0 0 0 128 6.72606 7.949666 5.546258
0 0 0 128 6.731306 7.828164 5.566486
0 0 0 128 6.688437 7.581694 5.600668
0 0 0 128 6.659601 7.449022 5.626407
0 0 0 128 6.654149 7.365561 5.66249
0 0 0 128 6.611601 7.145694 5.763167
0 0 0 128 6.583172 7.06202 5.799164
0 0 0 128 6.494427 6.870773 5.914492
0 0 0 128 6.430166 6.712141 6.031462
0 0 0 128 6.405216 6.625325 6.130474
0 0 0 128 6.373967 6.56979 6.200152
0 0 0 128 6.308837 6.44132 6.361346
0 0 0 128 6.288677 6.377946 6.45541
0 0 0 128 6.265088 6.319728 6.576285
0 0 0 128 5.988328 6.922694 6.853001
0 0 0 128 5.944442 7.065466 6.879549
0 0 0 128 5.89241 7.397157 6.971889
0 0 0 128 5.861848 7.798993 7.135804
0 0 0 128 5.865203 7.893214 7.247864
0 0 0 128 5.837771 8.169527 7.432503
0 0 0 128 5.7814 8.391408 7.548977
0 0 0 128 5.722681 8.555585 7.620642
0 0 0 128 5.62712 8.752693 7.688518
0 0 0 128 5.509414 8.930176 7.726797
0 0 0 128 5.431684 9.014933 7.732807
0 0 0 128 5.283403 9.163775 7.719491
0 0 0 128 5.087082 9.318186 7.663856
0 0 0 128 5.00104 9.367813 7.616346
0 0 0 128 4.857958 9.437294 7.521729
0 0 0 128 4.703294 9.497002 7.396261
0 0 0 128 4.609688 9.526035 7.311212
0 0 0 128 4.522121 9.529181 7.222703
0 0 0 128 4.392297 9.504203 7.069833
0 0 0 128 4.739268 8.81507 6.862746
0 0 0 128 4.803633 8.739244 6.904402
0 0 0 128 4.870409 8.69466 6.957676
0 0 0 128 5.032523 8.539922 7.108776
0 0 0 128 5.083106 8.49125 7.175988
0 0 0 128 5.195338 8.374043 7.335414
0 0 0 128 5.24013 8.3229 7.401911
0 0 0 128 5.311153 8.24258 7.534534
0 0 0 128 5.335694 8.202681 7.597114
0 0 0 128 5.371598 8.147784 7.676408
0 0 0 128 4.759069 9.476938 7.70998
0 0 0 128 4.742801 9.489778 7.707779
0 0 0 128 4.753366 9.485416 7.710402
0 0 0 128 4.752084 9.490082 7.702531
0 0 0 128 4.73881 9.496928 7.697256
0 0 0 128 4.736619 9.496457 7.696878
0 0 0 128 4.711315 9.504021 7.69494
0 0 0 128 4.69719 9.495139 7.67837
0 0 0 128 4.695552 9.496081 7.690332
0 0 0 128 4.694593 9.501156 7.694886
0 0 0 128 4.679602 9.501402 7.690445
0 0 0 128 4.674749 9.494676 7.686531
0 0 0 128 4.675031 9.488918 7.687798
0 0 0 128 4.675042 9.491024 7.685072
0 0 0 128 4.666463 9.484838 7.677889
0 0 0 128 4.663345 9.481083 7.67759
0 0 0 128 4.6682 9.478627 7.679076
0 0 0 128 4.656506 9.48142 7.673127
0 0 0 128 4.6432 9.479182 7.671993
0 0 0 128 4.648444 9.475849 7.673103
0 0 0 128 4.648655 9.473496 7.670073
0 0 0 128 4.640069 9.475904 7.669225
0 0 0 128 4.63542 9.473567 7.666019
0 0 0 128 4.633053 9.47432 7.665761
0 0 0 128 4.626671 9.47836 7.666323
0 0 0 128 4.61713 9.485765 7.670105
0 0 0 128 4.607304 9.496719 7.673958
0 0 0 128 4.597239 9.509699 7.677769
0 0 0 128 4.581167 9.532933 7.686259
0 0 0 128 4.556985 9.585032 7.698993
0 0 0 128 4.534341 9.644505 7.711247
0 0 0 128 4.512063 9.707196 7.724635
0 0 0 128 4.480445 9.79964 7.738152
0 0 0 128 4.451908 9.873569 7.764308
0 0 0 128 4.408654 10.00905 7.796907
0 0 0 128 4.38866 10.07629 7.819868
0 0 0 128 4.35019 10.20633 7.858573
0 0 0 128 4.337728 10.2723 7.883414
0 0 0 128 4.342684 10.29937 7.891113
0 0 0 128 4.340127 10.38603 7.916821
0 0 0 128 4.338898 10.41641 7.914278
0 0 0 128 4.340654 10.46607 7.917226
0 0 0 128 4.347274 10.49125 7.917661
0 0 0 128 4.362548 10.52976 7.917295
0 0 0 128 4.380361 10.57548 7.907996
0 0 0 128 4.378088 10.59816 7.903841
0 0 0 128 4.378889 10.61459 7.881752
0 0 0 128 4.392209 10.63478 7.862071
0 0 0 128 4.40218 10.64178 7.846828
0 0 0 128 4.399093 10.64679 7.830256
0 0 0 128 4.403187 10.64261 7.801613
0 0 0 128 4.40319 10.64087 7.789549
0 0 0 128 4.403529 10.63866 7.779767
0 0 0 128 4.407374 10.62624 7.758032
0 0 0 128 4.412395 10.62026 7.745287
0 0 0 128 4.416956 10.60583 7.725224
0 0 0 128 4.421381 10.59077 7.707582
0 0 0 128 4.429274 10.57838 7.695975
0 0 0 128 4.433333 10.56721 7.68688
0 0 0 128 4.43483 10.55637 7.674577
0 0 0 128 4.438755 10.54274 7.664786
0 0 0 128 4.449564 10.52869 7.657375
0 0 0 128 4.455256 10.51774 7.644487
0 0 0 128 4.46395 10.49724 7.622741
0 0 0 128 4.466355 10.48456 7.616493
0 0 0 128 4.474067 10.47016 7.605566
0 0 0 128 4.475939 10.46067 7.59419
0 0 0 128 4.475541 10.44737 7.583232
0 0 0 128 4.483723 10.42073 7.5691
0 0 0 128 4.486779 10.41035 7.548181
0 0 0 128 4.494203 10.39124 7.532416
0 0 0 128 4.498543 10.37745 7.52248
0 0 0 128 4.499008 10.36373 7.50715
0 0 0 128 4.490728 10.35144 7.489863
0 0 0 128 4.49253 10.33349 7.465173
0 0 0 128 4.49238 10.32196 7.462787
0 0 0 128 4.490589 10.31486 7.462453
0 0 0 128 4.500236 10.29331 7.452192
0 0 0 128 4.53163 10.27317 7.430767
0 0 0 128 4.539922 10.24705 7.435611
0 0 0 128 4.549142 10.24331 7.445565
d 4.350515 9.36191 6.922323
0.02346239 0.0225342 0.02205498 -335.9599 4.346302 9.358144 6.922803
0.02346239 0.0225342 0.02205498 -335.9599 4.336412 9.31408 6.921453
0.02346239 0.0225342 0.02205498 -335.9599 4.40233 9.248183 6.898495
0.02346239 0.0225342 0.02205498 -335.9599 4.534142 9.146937 6.941245
0.02346239 0.0225342 0.02205498 -335.9599 4.60424 9.103897 7.008041
0.02346239 0.0225342 0.02205498 -335.9599 4.697421 8.997967 7.088101
0.02346239 0.0225342 0.02205498 -335.9599 4.744076 8.929964 7.118068
0.02346239 0.0225342 0.02205498 -335.9599 4.819026 8.818566 7.178206
0.02346239 0.0225342 0.02205498 -335.9599 4.849227 8.777132 7.192348
0.02346239 0.0225342 0.02205498 -335.9599 4.927866 8.674601 7.243979
0.02346239 0.0225342 0.02205498 -335.9599 4.97384 8.615335 7.273386
0.02346239 0.0225342 0.02205498 -335.9599 5.021828 8.558164 7.308496
0.02346239 0.0225342 0.02205498 -335.9599 5.101601 8.470256 7.352396
0.02346239 0.0225342 0.02205498 -335.9599 5.13441 8.437017 7.376459
0.02346239 0.0225342 0.02205498 -335.9599 5.197292 8.376886 7.426837
0.02346239 0.0225342 0.02205498 -335.9599 5.243853 8.343829 7.469802
0.02346239 0.0225342 0.02205498 -335.9599 5.263933 8.334196 7.494694
0.02346239 0.0225342 0.02205498 -335.9599 5.323672 8.314627 7.582064
0.02346239 0.0225342 0.02205498 -335.9599 5.360144 8.344378 7.658212
0.02346239 0.0225342 0.02205498 -335.9599 5.393317 8.435745 7.783598
0.02346239 0.0225342 0.02205498 -335.9599 5.382352 8.569102 7.91085
0.02346239 0.0225342 0.02205498 -335.9599 5.376841 8.783474 8.097183
0.02346239 0.0225342 0.02205498 -335.9599 5.342314 8.887617 8.16593
u 5.342314 8.887617 8.16593
d 5.327476 9.195607 8.132497
0.02346239 0.0225342 0.02205498 -335.9599 5.31953 9.150629 7.972182
0.02346239 0.0225342 0.02205498 -335.9599 5.34058 9.081552 7.775674
0.02346239 0.0225342 0.02205498 -335.9599 5.338411 8.887938 7.420148
0.02346239 0.0225342 0.02205498 -335.9599 5.281738 8.799189 7.250041
0.02346239 0.0225342 0.02205498 -335.9599 5.182302 8.546382 6.953732
0.02346239 0.0225342 0.02205498 -335.9599 5.157983 8.470504 6.931965
0.02346239 0.0225342 0.02205498 -335.9599 5.072898 8.283607 6.870917
0.02346239 0.0225342 0.02205498 -335.9599 5.026406 8.200466 6.84248
0.02346239 0.0225342 0.02205498 -335.9599 4.986211 8.090321 6.815433
0.02346239 0.0225342 0.02205498 -335.9599 4.936586 7.938512 6.852665
0.02346239 0.0225342 0.02205498 -335.9599 4.929306 7.871496 6.869354
0.02346239 0.0225342 0.02205498 -335.9599 4.893498 7.714899 6.946579
0.02346239 0.0225342 0.02205498 -335.9599 4.878448 7.648361 6.979374
0.02346239 0.0225342 0.02205498 -335.9599 4.855639 7.553916 7.058875
0.02346239 0.0225342 0.02205498 -335.9599 4.838972 7.520315 7.094194
0.02346239 0.0225342 0.02205498 -335.9599 4.826172 7.518397 7.115005
0.02346239 0.0225342 0.02205498 -335.9599 4.804478 7.520616 7.173203
0.02346239 0.0225342 0.02205498 -335.9599 4.804083 7.521718 7.201415
0.02346239 0.0225342 0.02205498 -335.9599 4.821723 7.549804 7.264123
u 4.821723 7.549804 7.264123
d 6.090863 7.937315 7.526383
0.02346239 0.0225342 0.02205498 -335.9599 6.21164 7.984503 7.640868
0.02346239 0.0225342 0.02205498 -335.9599 6.300171 8.001628 7.71964
0.02346239 0.0225342 0.02205498 -335.9599 6.416498 8.050315 7.858651
0.02346239 0.0225342 0.02205498 -335.9599 6.446266 8.107952 7.920068
0.02346239 0.0225342 0.02205498 -335.9599 6.486264 8.183074 8.013374
0.02346239 0.0225342 0.02205498 -335.9599 6.498258 8.251734 8.066675
0.02346239 0.0225342 0.02205498 -335.9599 6.491968 8.360821 8.118668
0.02346239 0.0225342 0.02205498 -335.9599 6.451666 8.46398 8.116855
0.02346239 0.0225342 0.02205498 -335.9599 6.417217 8.503158 8.061392
u 6.417217 8.503158 8.061392
d 6.21352 8.330002 7.89211
0.02209119 0.02336989 0.02194422 187.1866 6.263999 8.384269 7.937231
0.02209119 0.02336989 0.02194422 187.1866 6.364305 8.45221 8.017903
0.02209119 0.02336989 0.02194422 187.1866 6.464482 8.510475 8.059331
0.02209119 0.02336989 0.02194422 187.1866 6.499562 8.584053 7.98845
0.02209119 0.02336989 0.02194422 187.1866 6.516152 8.652131 7.844424
0.02209119 0.02336989 0.02194422 187.1866 6.515168 8.708541 7.652883
0.02209119 0.02336989 0.02194422 187.1866 6.474605 8.76084 7.392165
0.02209119 0.02336989 0.02194422 187.1866 6.436422 8.792747 7.248653
0.02209119 0.02336989 0.02194422 187.1866 6.340254 8.813251 6.999065
0.02209119 0.02336989 0.02194422 187.1866 6.271692 8.803916 6.851573
0.02209119 0.02336989 0.02194422 187.1866 6.150728 8.773887 6.632065
0.02209119 0.02336989 0.02194422 187.1866 6.060401 8.728646 6.498024
0.02209119 0.02336989 0.02194422 187.1866 5.908399 8.64994 6.343357
0.02209119 0.02336989 0.02194422 187.1866 5.801816 8.586905 6.281717
0.02209119 0.02336989 0.02194422 187.1866 5.74704 8.563394 6.265785
0.02209119 0.02336989 0.02194422 187.1866 5.596406 8.49407 6.289169
0.02209119 0.02336989 0.02194422 187.1866 5.562444 8.467763 6.321415
0.02209119 0.02336989 0.02194422 187.1866 5.496266 8.384624 6.440759
0.02209119 0.02336989 0.02194422 187.1866 5.479387 8.349882 6.510822
u 5.479387 8.349882 6.510822
0.02209119 0.02336989 0.02194422 187.1866 5.96077 9.128972 7.485244
0.02209119 0.02336989 0.02194422 187.1866 6.017405 9.15439 7.443853
0.02209119 0.02336989 0.02194422 187.1866 6.078763 9.163685 7.372493
0.02209119 0.02336989 0.02194422 187.1866 6.111506 9.164299 7.33196
0.02209119 0.02336989 0.02194422 187.1866 6.198997 9.164454 7.281537
0.02209119 0.02336989 0.02194422 187.1866 6.259473 9.141444 7.270809
0.02209119 0.02336989 0.02194422 187.1866 6.339238 9.11162 7.255497
0.02209119 0.02336989 0.02194422 187.1866 6.424932 9.071259 7.248127
0.02209119 0.02336989 0.02194422 187.1866 6.489039 9.029945 7.279269
0.02209119 0.02336989 0.02194422 187.1866 6.514615 9.006385 7.29032
0.02209119 0.02336989 0.02194422 187.1866 6.536918 8.982422 7.337786
0.02209119 0.02336989 0.02194422 187.1866 6.56269 8.95973 7.375697
0.02209119 0.02336989 0.02194422 187.1866 6.576101 8.940607 7.441778
0.02209119 0.02336989 0.02194422 187.1866 6.586799 8.9218 7.493439
0.02209119 0.02336989 0.02194422 187.1866 6.602851 8.893583 7.603556
0.02209119 0.02336989 0.02194422 187.1866 6.601246 8.891054 7.650965
0.02209119 0.02336989 0.02194422 187.1866 6.579348 8.895495 7.749786
0.02209119 0.02336989 0.02194422 187.1866 6.568374 8.893675 7.781151
0.02209119 0.02336989 0.02194422 187.1866 6.549029 8.900778 7.830278
0.02209119 0.02336989 0.02194422 187.1866 6.507973 8.925519 7.910351
0.02209119 0.02336989 0.02194422 187.1866 6.486318 8.940786 7.943456
0.02209119 0.02336989 0.02194422 187.1866 6.451789 8.978676 7.988133
0.02209119 0.02336989 0.02194422 187.1866 6.389505 9.053432 8.047731
0.02209119 0.02336989 0.02194422 187.1866 6.347627 9.093639 8.073682
0.02209119 0.02336989 0.02194422 187.1866 6.271703 9.190491 8.121336
0.02209119 0.02336989 0.02194422 187.1866 6.227782 9.235986 8.141097
0.02209119 0.02336989 0.02194422 187.1866 6.160122 9.314601 8.170423
0.02209119 0.02336989 0.02194422 187.1866 6.109279 9.375262 8.187803
0.02209119 0.02336989 0.02194422 187.1866 6.077644 9.405754 8.184719
0.02209119 0.02336989 0.02194422 187.1866 6.01362 9.481067 8.185981
0.02209119 0.02336989 0.02194422 187.1866 5.987395 9.507972 8.194887
0.02209119 0.02336989 0.02194422 187.1866 5.96728 9.532763 8.205955
0.02209119 0.02336989 0.02194422 187.1866 5.947508 9.570492 8.200022
0.02209119 0.02336989 0.02194422 187.1866 5.957406 9.575726 8.174664
0.02209119 0.02336989 0.02194422 187.1866 5.979271 9.570246 8.130547
0.02209119 0.02336989 0.02194422 187.1866 6.041621 9.547291 8.036433
0.02209119 0.02336989 0.02194422 187.1866 6.074418 9.532916 7.988708
0.02209119 0.02336989 0.02194422 187.1866 6.163525 9.474915 7.870242
0.02209119 0.02336989 0.02194422 187.1866 6.205328 9.442229 7.821928
0.02209119 0.02336989 0.02194422 187.1866 6.251288 9.39269 7.752903
0.02209119 0.02336989 0.02194422 187.1866 6.337532 9.278543 7.649962
0.02209119 0.02336989 0.02194422 187.1866 6.368211 9.229095 7.609385
0.02209119 0.02336989 0.02194422 187.1866 6.422343 9.111975 7.547913
0.02209119 0.02336989 0.02194422 187.1866 6.449097 9.060632 7.529563
0.02209119 0.02336989 0.02194422 187.1866 6.477707 8.978626 7.526462
0.02209119 0.02336989 0.02194422 187.1866 6.48883 8.930625 7.537321
0.02209119 0.02336989 0.02194422 187.1866 6.490914 8.913643 7.541588
0.02209119 0.02336989 0.02194422 187.1866 6.49051 8.866121 7.584308
0.02209119 0.02336989 0.02194422 187.1866 6.488303 8.850313 7.60697
0.02209119 0.02336989 0.02194422 187.1866 6.480666 8.844437 7.635971
0.02209119 0.02336989 0.02194422 187.1866 6.461586 8.844974 7.705597
0.02209119 0.02336989 0.02194422 187.1866 6.448288 8.857133 7.730056
0.02209119 0.02336989 0.02194422 187.1866 6.415759 8.894418 7.801012
0.02209119 0.02336989 0.02194422 187.1866 6.395036 8.921 7.837365
0.02209119 0.02336989 0.02194422 187.1866 6.367899 8.960251 7.88104
0.02209119 0.02336989 0.02194422 187.1866 6.318669 9.04935 7.962511
0.02209119 0.02336989 0.02194422 187.1866 6.290862 9.092993 7.992606
0.02209119 0.02336989 0.02194422 187.1866 6.241933 9.18286 8.039979
0.02209119 0.02336989 0.02194422 187.1866 6.20371 9.256742 8.065652
0.02209119 0.02336989 0.02194422 187.1866 6.183918 9.279768 8.067503
0.02209119 0.02336989 0.02194422 187.1866 6.142164 9.361581 8.080534
0.02209119 0.02336989 0.02194422 187.1866 6.136158 9.384602 8.071434
0.02209119 0.02336989 0.02194422 187.1866 6.129532 9.431074 8.047094
0.02209119 0.02336989 0.02194422 187.1866 6.13573 9.444979 8.022084
0.02209119 0.02336989 0.02194422 187.1866 6.150019 9.457592 7.975424
0.02209119 0.02336989 0.02194422 187.1866 6.186665 9.466461 7.891261
0.02209119 0.02336989 0.02194422 187.1866 6.217242 9.460792 7.842315
0.02209119 0.02336989 0.02194422 187.1866 6.279237 9.438751 7.722417
0.02209119 0.02336989 0.02194422 187.1866 6.306052 9.417505 7.691269
0.02209119 0.02336989 0.02194422 187.1866 6.363845 9.354978 7.58926
0.02209119 0.02336989 0.02194422 187.1866 6.390941 9.304511 7.527746
0.02209119 0.02336989 0.02194422 187.1866 6.408389 9.273797 7.509437
0.02209119 0.02336989 0.02194422 187.1866 6.440547 9.182769 7.467309
0.02209119 0.02336989 0.02194422 187.1866 6.457379 9.14303 7.464142
0.02209119 0.02336989 0.02194422 187.1866 6.4713 9.07823 7.462684
0.02209119 0.02336989 0.02194422 187.1866 6.483672 9.027157 7.474534
0.02209119 0.02336989 0.02194422 187.1866 6.484418 8.95731 7.522907
0.02209119 0.02336989 0.02194422 187.1866 6.474997 8.948167 7.549296
0.02209119 0.02336989 0.02194422 187.1866 6.455362 8.915781 7.635474
0.02209119 0.02336989 0.02194422 187.1866 6.437839 8.909043 7.702625
0.02209119 0.02336989 0.02194422 187.1866 6.425024 8.91535 7.740066
0.02209119 0.02336989 0.02194422 187.1866 6.391166 8.946705 7.825598
0.02209119 0.02336989 0.02194422 187.1866 6.369602 8.97341 7.85587
0.02209119 0.02336989 0.02194422 187.1866 6.342765 9.006159 7.8957
0.02209119 0.02336989 0.02194422 187.1866 6.28159 9.104716 7.989173
0.02209119 0.02336989 0.02194422 187.1866 6.254788 9.135395 8.017246
0.02209119 0.02336989 0.02194422 187.1866 6.198165 9.244469 8.0944
0.02209119 0.02336989 0.02194422 187.1866 6.175568 9.305032 8.129575
0.02209119 0.02336989 0.02194422 187.1866 6.154593 9.369133 8.157682
0.02209119 0.02336989 0.02194422 187.1866 6.142169 9.490497 8.159058
0.02209119 0.02336989 0.02194422 187.1866 6.16162 9.526785 8.13166
0.02209119 0.02336989 0.02194422 187.1866 6.189851 9.575404 8.078304
0.02209119 0.02336989 0.02194422 187.1866 6.233372 9.664793 7.943533
0.02209119 0.02336989 0.02194422 187.1866 6.256418 9.684372 7.882569
0.02209119 0.02336989 0.02194422 187.1866 6.305709 9.717348 7.759766
0.02209119 0.02336989 0.02194422 187.1866 6.343267 9.718327 7.688758
0.02209119 0.02336989 0.02194422 187.1866 6.398139 9.704981 7.560672
0.02209119 0.02336989 0.02194422 187.1866 6.437027 9.676874 7.461239
0.02209119 0.02336989 0.02194422 187.1866 6.475752 9.623288 7.364538
0.02209119 0.02336989 0.02194422 187.1866 6.551636 9.483624 7.185595
0.02209119 0.02336989 0.02194422 187.1866 6.587749 9.39782 7.100829
0.02209119 0.02336989 0.02194422 187.1866 6.626693 9.294374 7.025655
0.02209119 0.02336989 0.02194422 187.1866 6.685707 9.048942 6.885671
0.02209119 0.02336989 0.02194422 187.1866 6.741464 8.889621 6.825714
0.02209119 0.02336989 0.02194422 187.1866 6.802087 8.602791 6.756746
0.02209119 0.02336989 0.02194422 187.1866 6.852533 8.421814 6.707552
