d 9.088657 5.030203 9.709608
0 0 0 1 9.029784 4.981077 9.508459
0 0 0 1 8.960482 4.92006 9.197494
0 0 0 1 8.919209 4.875009 8.867683
0 0 0 1 8.908716 4.836142 8.456757
0 0 0 1 8.975729 4.796576 7.824439
0 0 0 1 9.314342 4.837144 6.906859
0 0 0 1 9.497891 4.851738 6.586935
0 0 0 1 9.932868 4.83795 6.060413
0 0 0 1 9.823866 4.845679 6.149968
0 0 0 1 10.05151 4.792214 5.868678
0 0 0 1 10.0582 4.769126 5.828249
0 0 0 1 10.0508 4.782869 5.843298
0 0 0 1 9.968112 4.694696 5.806687
0 0 0 1 9.870369 4.657398 5.832199
0 0 0 1 9.701561 4.59058 5.901354
0 0 0 1 9.486943 4.520476 6.006287
0 0 0 1 9.240242 4.450868 6.150847
0 0 0 1 9.310194 4.474956 6.114954
0 0 0 1 8.774714 4.357876 6.536768
0 0 0 1 8.573164 4.341388 6.766145
0 0 0 1 8.126972 4.350603 7.425365
0 0 0 1 7.838435 4.4338 8.140537
0 0 0 1 7.898586 4.407016 7.971166
0 0 0 1 7.736173 4.539362 8.915421
0 0 0 1 7.747745 4.584474 9.200939
0 0 0 1 7.796579 4.627355 9.499681
0 0 0 1 7.856421 4.653232 9.738041
0 0 0 1 7.919918 4.669943 9.94643
0 0 0 1 7.984495 4.686495 10.11583
0 0 0 1 8.038582 4.69749 10.23046
0 0 0 1 8.111675 4.701316 10.33953
u 8.111675 4.701316 10.33953
