d 11.42157 7.445817 9.778851
0 0 0 1 11.43061 7.456695 9.850309 0.1 0.1
0 0 0 1 11.4248 7.466907 9.927439 0.1 0.1
0 0 0 1 11.41174 7.472507 9.980222 0.1 0.1
0 0 0 1 11.37235 7.478872 10.07922 0.1 0.1
0 0 0 1 11.34364 7.480688 10.12917 0.1 0.1
0 0 0 1 11.26836 7.480803 10.2282 0.1 0.1
0 0 0 1 11.19387 7.477844 10.30005 0.1 0.1
0 0 0 1 11.10161 7.475922 10.36855 0.1 0.1
0 0 0 1 10.99853 7.479592 10.4326 0.1 0.1
0 0 0 1 10.89072 7.486362 10.48835 0.1 0.1
0 0 0 1 10.76559 7.496665 10.5399 0.1 0.1
0 0 0 1 10.64503 7.508149 10.57515 0.1 0.1
0 0 0 1 10.55585 7.515584 10.59263 0.1 0.1
0 0 0 1 10.37088 7.530266 10.61529 0.1 0.1
0 0 0 1 10.22599 7.538773 10.61503 0.1 0.1
0 0 0 1 10.07163 7.544847 10.59716 0.1 0.1
0 0 0 1 9.887623 7.547401 10.55553 0.1 0.1
0 0 0 1 9.721186 7.544949 10.49495 0.1 0.1
0 0 0 1 9.570053 7.526948 10.41641 0.1 0.1
0 0 0 1 9.427139 7.499706 10.32057 0.1 0.1
0 0 0 1 9.292928 7.462749 10.20523 0.1 0.1
0 0 0 1 9.173431 7.414768 10.06833 0.1 0.1
0 0 0 1 9.110583 7.372237 9.970373 0.1 0.1
0 0 0 1 9.029827 7.289398 9.802036 0.1 0.1
0 0 0 1 8.99347 7.216403 9.671674 0.1 0.1
0 0 0 1 8.979788 7.131924 9.539886 0.1 0.1
0 0 0 1 8.990448 7.043358 9.419844 0.1 0.1
0 0 0 1 9.030058 6.934935 9.301611 0.1 0.1
0 0 0 1 9.093242 6.829476 9.206714 0.1 0.1
0 0 0 1 9.178486 6.721488 9.129724 0.1 0.1
0 0 0 1 9.285175 6.607177 9.064638 0.1 0.1
0 0 0 1 9.461472 6.454824 9.013711 0.1 0.1
0 0 0 1 9.690109 6.303474 9.003704 0.1 0.1
0 0 0 1 9.956284 6.175237 9.029281 0.1 0.1
0 0 0 1 10.13511 6.117727 9.07782 0.1 0.1
0 0 0 1 10.59111 6.050196 9.20554 0.1 0.1
0 0 0 1 10.6213 6.061064 9.224891 0.1 0.1
0 0 0 1 10.93907 6.129513 9.36411 0.1 0.1
0 0 0 1 11.12113 6.236016 9.476882 0.1 0.1
0 0 0 1 11.25419 6.356173 9.582516 0.1 0.1
0 0 0 1 11.32393 6.437649 9.645455 0.1 0.1
0 0 0 1 11.4278 6.582428 9.742594 0.1 0.1
0 0 0 1 11.50282 6.724232 9.821732 0.1 0.1
0 0 0 1 11.55717 6.868059 9.893726 0.1 0.1
0 0 0 1 11.60221 7.040028 9.969297 0.1 0.1
0 0 0 1 11.63238 7.2067 10.04157 0.1 0.1
0 0 0 1 11.65207 7.371732 10.1055 0.1 0.1
0 0 0 1 11.65128 7.52282 10.16039 0.1 0.1
0 0 0 1 11.62597 7.638927 10.20101 0.1 0.1
0 0 0 1 11.57531 7.753757 10.24065 0.1 0.1
0 0 0 1 11.52072 7.832779 10.26502 0.1 0.1
0 0 0 1 11.46079 7.904861 10.28411 0.1 0.1
0 0 0 1 11.39106 7.965581 10.29661 0.1 0.1
0 0 0 1 11.31235 8.00863 10.30142 0.1 0.1
0 0 0 1 11.222 8.030231 10.29823 0.1 0.1
0 0 0 1 11.13356 8.025394 10.28701 0.1 0.1
0 0 0 1 11.04149 7.995771 10.27202 0.1 0.1
0 0 0 1 10.95597 7.94067 10.25233 0.1 0.1
0 0 0 1 10.89446 7.874745 10.23553 0.1 0.1
0 0 0 1 10.8391 7.791463 10.21463 0.1 0.1
0 0 0 1 10.80899 7.711133 10.19784 0.1 0.1
0 0 0 1 10.78697 7.621059 10.17923 0.1 0.1
0 0 0 1 10.77252 7.508451 10.15583 0.1 0.1
0 0 0 1 10.77303 7.386916 10.13369 0.1 0.1
0 0 0 1 10.79173 7.25835 10.11103 0.1 0.1
0 0 0 1 10.82405 7.12935 10.08639 0.1 0.1
0 0 0 1 10.86315 7.005289 10.06085 0.1 0.1
0 0 0 1 10.90876 6.887731 10.03499 0.1 0.1
0 0 0 1 10.96233 6.779154 10.00743 0.1 0.1
0 0 0 1 11.02024 6.679655 9.976391 0.1 0.1
0 0 0 1 11.07089 6.612814 9.95364 0.1 0.1
0 0 0 1 11.13357 6.554758 9.931593 0.1 0.1
0 0 0 1 11.19702 6.520679 9.914949 0.1 0.1
0 0 0 1 11.26421 6.504817 9.903461 0.1 0.1
0 0 0 1 11.33524 6.511009 9.895068 0.1 0.1
0 0 0 1 11.39695 6.53782 9.891705 0.1 0.1
u 11.39695 6.53782 9.891705
d 11.66043 7.105125 8.347522
0 0 0 1 11.73267 7.221097 8.499105 0.1 0.1
0 0 0 1 11.79731 7.354729 8.660807 0.1 0.1
0 0 0 1 11.84783 7.490446 8.810912 0.1 0.1
0 0 0 1 11.89734 7.629475 8.952375 0.1 0.1
0 0 0 1 11.9303 7.748943 9.058178 0.1 0.1
0 0 0 1 11.94262 7.864548 9.150806 0.1 0.1
0 0 0 1 11.92551 7.95591 9.217206 0.1 0.1
0 0 0 1 11.87126 8.016315 9.26346 0.1 0.1
0 0 0 1 11.77465 8.024221 9.292557 0.1 0.1
0 0 0 1 11.70875 7.974006 9.304056 0.1 0.1
0 0 0 1 11.65056 7.786508 9.342525 0.1 0.1
0 0 0 1 11.64589 7.609493 9.341974 0.1 0.1
0 0 0 1 11.69669 7.429479 9.333879 0.1 0.1
0 0 0 1 11.81174 7.275663 9.328097 0.1 0.1
0 0 0 1 11.97255 7.168219 9.32775 0.1 0.1
0 0 0 1 12.15262 7.127843 9.350044 0.1 0.1
0 0 0 1 12.33498 7.163026 9.396155 0.1 0.1
0 0 0 1 12.48413 7.26849 9.44558 0.1 0.1
0 0 0 1 12.5865 7.413271 9.486382 0.1 0.1
0 0 0 1 12.62871 7.53296 9.504253 0.1 0.1
0 0 0 1 12.64319 7.775298 9.524754 0.1 0.1
0 0 0 1 12.5838 7.958776 9.514613 0.1 0.1
0 0 0 1 12.44717 8.112707 9.475729 0.1 0.1
0 0 0 1 12.26121 8.196453 9.412332 0.1 0.1
0 0 0 1 12.05106 8.211096 9.313961 0.1 0.1
0 0 0 1 11.82912 8.146334 9.171529 0.1 0.1
0 0 0 1 11.68433 8.006218 9.049908 0.1 0.1
0 0 0 1 11.58472 7.812725 8.938164 0.1 0.1
0 0 0 1 11.54387 7.597476 8.833817 0.1 0.1
0 0 0 1 11.54981 7.48627 8.800361 0.1 0.1
0 0 0 1 11.62838 7.292557 8.760379 0.1 0.1
0 0 0 1 11.75849 7.180755 8.784047 0.1 0.1
0 0 0 1 11.91328 7.131407 8.844435 0.1 0.1
0 0 0 1 12.04487 7.148213 8.91928 0.1 0.1
0 0 0 1 12.15091 7.223267 9.005995 0.1 0.1
0 0 0 1 12.21949 7.334482 9.081057 0.1 0.1
0 0 0 1 12.24907 7.481 9.141499 0.1 0.1
0 0 0 1 12.25109 7.651714 9.18215 0.1 0.1
0 0 0 1 12.22847 7.799703 9.18673 0.1 0.1
0 0 0 1 12.15534 7.963855 9.164195 0.1 0.1
0 0 0 1 12.05303 8.070886 9.123125 0.1 0.1
0 0 0 1 11.91773 8.141641 9.052856 0.1 0.1
0 0 0 1 11.7586 8.166829 8.955895 0.1 0.1
0 0 0 1 11.58349 8.150164 8.831007 0.1 0.1
0 0 0 1 11.44693 8.107647 8.725565 0.1 0.1
0 0 0 1 11.32343 8.041453 8.626241 0.1 0.1
0 0 0 1 11.20407 7.956544 8.530431 0.1 0.1
0 0 0 1 11.09614 7.860648 8.440307 0.1 0.1
0 0 0 1 10.99822 7.759265 8.356936 0.1 0.1
0 0 0 1 10.94298 7.691198 8.310836 0.1 0.1
0 0 0 1 10.84091 7.538143 8.228172 0.1 0.1
0 0 0 1 10.77925 7.426567 8.183419 0.1 0.1
0 0 0 1 10.72641 7.31444 8.150478 0.1 0.1
0 0 0 1 10.67324 7.185935 8.123032 0.1 0.1
0 0 0 1 10.62377 7.070782 8.100862 0.1 0.1
0 0 0 1 10.57383 6.95991 8.078893 0.1 0.1
0 0 0 1 10.52535 6.858226 8.056999 0.1 0.1
0 0 0 1 10.47625 6.762332 8.030552 0.1 0.1
0 0 0 1 10.44197 6.703671 8.011133 0.1 0.1
0 0 0 1 10.37279 6.570276 7.961019 0.1 0.1
0 0 0 1 10.3421 6.508771 7.937187 0.1 0.1
0 0 0 1 10.2769 6.369606 7.875413 0.1 0.1
0 0 0 1 10.23085 6.268964 7.829316 0.1 0.1
0 0 0 1 10.19518 6.180412 7.787005 0.1 0.1
0 0 0 1 10.16295 6.072181 7.733843 0.1 0.1
0 0 0 1 10.13977 5.96834 7.678305 0.1 0.1
0 0 0 1 10.12311 5.867946 7.619649 0.1 0.1
0 0 0 1 10.11178 5.763 7.557411 0.1 0.1
u 10.11178 5.763 7.557411
d 8.872309 9.261965 9.408579
0 0 0 1 8.85491 9.223858 9.466356 0.1970699 0.241951
0 0 0 1 8.825424 9.159159 9.54484 0.1970699 0.241951
0 0 0 1 8.788611 9.092591 9.587133 0.1970699 0.241951
0 0 0 1 8.746047 9.019412 9.613904 0.1970699 0.241951
0 0 0 1 8.572903 8.704934 9.620715 0.1970699 0.241951
0 0 0 1 8.564617 8.687469 9.639105 0.1970699 0.241951
0 0 0 1 7.842284 7.652683 9.120179 0.1970699 0.241951
0 0 0 1 7.61369 7.39986 8.884547 0.1970699 0.241951
0 0 0 1 7.502648 7.325378 8.766415 0.1970699 0.241951
0 0 0 1 7.405437 7.274777 8.654518 0.1970699 0.241951
0 0 0 1 7.467207 7.313268 8.739156 0.1970699 0.241951
0 0 0 1 7.241039 7.237633 8.473827 0.1970699 0.241951
0 0 0 1 7.266417 7.244259 8.509407 0.1970699 0.241951
0 0 0 1 7.097281 7.289517 8.329679 0.1970699 0.241951
0 0 0 1 7.095335 7.29209 8.329915 0.1970699 0.241951
0 0 0 1 6.968994 7.443442 8.228322 0.1970699 0.241951
0 0 0 1 6.964109 7.461808 8.225166 0.1970699 0.241951
0 0 0 1 6.899321 7.661915 8.202155 0.1970699 0.241951
0 0 0 1 6.876853 7.788402 8.199908 0.1970699 0.241951
0 0 0 1 6.85541 7.947545 8.20393 0.1970699 0.241951
0 0 0 1 6.84254 8.098746 8.209991 0.1970699 0.241951
0 0 0 1 6.839161 8.266833 8.221375 0.1970699 0.241951
0 0 0 1 6.844078 8.439773 8.23632 0.1970699 0.241951
0 0 0 1 6.853977 8.580332 8.249894 0.1970699 0.241951
u 6.853977 8.580332 8.249894
d 7.156205 9.393478 8.730037
0 0 0 1 7.196571 9.35702 8.823741 0.1970699 0.241951
0 0 0 1 7.239251 9.298026 8.915909 0.1970699 0.241951
0 0 0 1 7.286263 9.216402 9.011185 0.1970699 0.241951
0 0 0 1 7.342618 9.115242 9.099621 0.1970699 0.241951
0 0 0 1 7.414536 8.979896 9.188177 0.1970699 0.241951
0 0 0 1 7.476125 8.856399 9.248583 0.1970699 0.241951
0 0 0 1 7.547827 8.714146 9.303482 0.1970699 0.241951
0 0 0 1 7.641357 8.53664 9.351611 0.1970699 0.241951
0 0 0 1 7.711471 8.416009 9.375647 0.1970699 0.241951
0 0 0 1 7.814329 8.251817 9.399077 0.1970699 0.241951
0 0 0 1 7.935529 8.089861 9.412175 0.1970699 0.241951
0 0 0 1 8.06278 7.940688 9.414948 0.1970699 0.241951
0 0 0 1 8.206995 7.780439 9.402473 0.1970699 0.241951
0 0 0 1 8.346412 7.625549 9.37274 0.1970699 0.241951
0 0 0 1 8.491885 7.466466 9.322542 0.1970699 0.241951
0 0 0 1 8.638621 7.31757 9.259554 0.1970699 0.241951
0 0 0 1 8.78067 7.190095 9.199396 0.1970699 0.241951
0 0 0 1 8.933576 7.06115 9.121842 0.1970699 0.241951
0 0 0 1 9.045042 6.97455 9.050502 0.1970699 0.241951
0 0 0 1 9.150811 6.88465 8.972158 0.1970699 0.241951
0 0 0 1 9.254049 6.788119 8.87982 0.1970699 0.241951
u 9.254049 6.788119 8.87982
