d 8.451371 7.624792 6.356398
1 0 0 0.5 8.243169 7.454493 6.254016
1 0 0 0.5 7.880824 7.03416 6.164569
1 0 0 0.5 7.606505 6.75906 6.222257
1 0 0 0.5 6.855461 6.780474 6.352578
1 0 0 0.5 6.587994 6.864477 6.434365
1 0 0 0.5 6.110491 7.084479 6.613929
1 0 0 0.5 5.737574 7.388469 6.772348
1 0 0 0.5 5.660474 7.477853 6.808735
1 0 0 0.5 5.45767 7.817627 6.951878
1 0 0 0.5 5.438564 7.872553 6.972386
1 0 0 0.5 5.34626 8.158827 7.06968
u 5.34626 8.158827 7.06968
d 5.314519 8.28995 6.917229
1 0 0 0.5 5.370567 8.256272 6.704446
1 0 0 0.5 5.506581 8.129681 6.391579
1 0 0 0.5 5.663125 7.981468 6.092161
1 0 0 0.5 5.879229 7.787905 5.753028
1 0 0 0.5 5.975141 7.708333 5.615793
1 0 0 0.5 6.31135 7.493733 5.240128
1 0 0 0.5 6.65588 7.409259 4.915561
1 0 0 0.5 6.989944 7.492521 4.63996
1 0 0 0.5 7.295972 7.733034 4.41414
1 0 0 0.5 7.473701 8.002449 4.28917
1 0 0 0.5 7.630767 8.380609 4.198231
1 0 0 0.5 7.803262 8.87585 4.186546
1 0 0 0.5 7.932566 9.304594 4.283567
u 7.932566 9.304594 4.283567
d 6.765108 9.405759 5.315524
1 0 0 0.5 6.507816 8.514985 5.408539
1 0 0 0.5 6.468046 7.568514 5.599098
1 0 0 0.5 6.437936 6.911138 5.851485
1 0 0 0.5 6.441061 6.601956 6.012712
1 0 0 0.5 6.526639 6.178564 6.311495
1 0 0 0.5 6.587374 6.10302 6.434163
1 0 0 0.5 6.650228 6.07823 6.550718
1 0 0 0.5 6.810621 6.067029 6.757187
1 0 0 0.5 6.987669 6.074774 6.928803
1 0 0 0.5 7.249889 6.062644 7.157292
1 0 0 0.5 7.42349 6.053802 7.303423
1 0 0 0.5 7.688876 6.130529 7.488946
1 0 0 0.5 7.9146 6.252599 7.534925
1 0 0 0.5 7.951709 6.301683 7.539407
1 0 0 0.5 8.118219 6.541289 7.513575
1 0 0 0.5 8.230078 6.887894 7.44924
1 0 0 0.5 8.290678 7.346335 7.376932
1 0 0 0.5 8.328278 7.857182 7.363126
1 0 0 0.5 8.289718 8.192765 7.446281
1 0 0 0.5 8.055321 8.396713 7.691963
1 0 0 0.5 7.686337 8.254698 7.901364
1 0 0 0.5 7.620734 8.236085 7.956433
1 0 0 0.5 7.376117 8.162635 8.233916
1 0 0 0.5 7.256845 8.165129 8.516392
1 0 0 0.5 7.18768 8.184479 8.845873
1 0 0 0.5 7.163671 8.246938 9.118816
u 7.163671 8.246938 9.118816
d 7.164891 8.000068 9.472624
1 0 0 0.5 7.182388 7.644481 9.374362
1 0 0 0.5 7.178209 7.552289 9.336167
1 0 0 0.5 7.218651 7.222025 9.131284
1 0 0 0.5 7.322152 6.812025 8.665988
1 0 0 0.5 7.403873 6.643219 8.288472
1 0 0 0.5 7.478539 6.579121 7.953397
1 0 0 0.5 7.715535 6.641296 7.226407
1 0 0 0.5 7.957333 6.700405 6.776196
1 0 0 0.5 8.00269 6.704718 6.710384
1 0 0 0.5 8.264672 6.733495 6.368549
1 0 0 0.5 8.598242 6.791412 6.031428
1 0 0 0.5 9.132467 6.951698 5.646661
u 9.132467 6.951698 5.646661
d 9.481587 7.115284 5.500352
1 0 0 0.5 9.709535 7.163701 5.561053
1 0 0 0.5 9.696363 7.161371 5.954443
1 0 0 0.5 9.188829 7.051717 6.207847
1 0 0 0.5 9.053352 7.024095 6.249466
1 0 0 0.5 8.467851 6.956113 6.367036
1 0 0 0.5 7.844552 7.002282 6.421673
1 0 0 0.5 7.126439 7.134971 6.496521
1 0 0 0.5 6.623266 7.233722 6.539133
1 0 0 0.5 6.266323 7.323199 6.54033
1 0 0 0.5 5.826324 7.466721 6.536017
1 0 0 0.5 5.528556 7.538803 6.547402
u 5.528556 7.538803 6.547402
d 5.257158 7.606627 6.557309
1 0 0 0.5 5.133925 7.589559 6.62454
1 0 0 0.5 5.104661 7.4948 6.695168
1 0 0 0.5 5.137412 7.429471 6.817948
1 0 0 0.5 5.24622 7.285884 7.018139
1 0 0 0.5 5.689794 6.897218 7.177356
1 0 0 0.5 6.099777 6.589616 7.206735
1 0 0 0.5 6.238818 6.508499 7.198141
1 0 0 0.5 6.755875 6.283618 7.094077
1 0 0 0.5 7.128693 6.188308 7.040191
1 0 0 0.5 7.396288 6.238629 7.016249
1 0 0 0.5 7.532094 6.383148 6.989925
1 0 0 0.5 7.696707 6.558419 6.897896
1 0 0 0.5 8.057867 6.872264 6.754792
1 0 0 0.5 8.297866 7.17705 6.739234
1 0 0 0.5 8.269875 7.142833 6.742675
1 0 0 0.5 8.319397 7.285353 6.745605
1 0 0 0.5 8.311651 7.269505 6.749478
1 0 0 0.5 8.336023 7.410142 6.759609
1 0 0 0.5 8.342419 7.468348 6.774245
1 0 0 0.5 8.362186 7.597147 6.798344
1 0 0 0.5 8.36585 7.603405 6.801911
1 0 0 0.5 8.398902 7.758087 6.826165
1 0 0 0.5 8.409237 7.822382 6.83223
u 8.409237 7.822382 6.83223
d 8.490595 7.703865 6.701478
1 0 0 0.5 8.489063 7.656919 6.720137
1 0 0 0.5 8.507754 7.653924 6.721305
1 0 0 0.5 8.493663 7.572958 6.758766
1 0 0 0.5 8.470321 7.540681 6.782043
1 0 0 0.5 8.437123 7.523028 6.802293
1 0 0 0.5 8.382224 7.509307 6.832902
1 0 0 0.5 8.319017 7.503132 6.865314
1 0 0 0.5 8.249421 7.49978 6.898928
1 0 0 0.5 8.182819 7.49361 6.9291
1 0 0 0.5 8.099804 7.480873 6.963582
1 0 0 0.5 8.02545 7.455662 6.99751
1 0 0 0.5 7.951724 7.411213 7.052151
1 0 0 0.5 7.889318 7.349168 7.107773
1 0 0 0.5 7.881315 7.341391 7.115471
1 0 0 0.5 7.755073 7.258201 7.205209
1 0 0 0.5 7.686908 7.237273 7.221208
1 0 0 0.5 7.625717 7.225861 7.255807
1 0 0 0.5 7.567542 7.219593 7.279169
1 0 0 0.5 7.507349 7.22463 7.290153
1 0 0 0.5 7.455632 7.238604 7.304388
1 0 0 0.5 7.425695 7.259161 7.312778
1 0 0 0.5 7.407844 7.289813 7.314228
1 0 0 0.5 7.404605 7.329195 7.310165
1 0 0 0.5 7.410956 7.380645 7.300367
1 0 0 0.5 7.417336 7.426069 7.288099
1 0 0 0.5 7.424459 7.465586 7.277423
u 7.424459 7.465586 7.277423
d 7.45927 7.541933 7.265859
1 0 0 0.5 7.481802 7.568727 7.272694
1 0 0 0.5 7.504945 7.593621 7.289096
1 0 0 0.5 7.52541 7.608605 7.29881
1 0 0 0.5 7.535037 7.619185 7.304504
1 0 0 0.5 7.533844 7.623759 7.310327
1 0 0 0.5 7.517693 7.616401 7.313978
1 0 0 0.5 7.481919 7.604152 7.313431
1 0 0 0.5 7.437536 7.606075 7.309996
1 0 0 0.5 7.380186 7.61836 7.307042
1 0 0 0.5 7.303184 7.63823 7.296968
1 0 0 0.5 7.209213 7.664774 7.282271
1 0 0 0.5 7.098123 7.709654 7.262731
1 0 0 0.5 6.963343 7.785307 7.234241
1 0 0 0.5 6.83409 7.882429 7.201933
1 0 0 0.5 6.711186 8.007949 7.166417
1 0 0 0.5 6.596497 8.156584 7.142806
1 0 0 0.5 6.485344 8.320579 7.141363
1 0 0 0.5 6.393769 8.467416 7.168618
1 0 0 0.5 6.293588 8.614243 7.236504
1 0 0 0.5 6.208254 8.735233 7.327951
1 0 0 0.5 6.128416 8.817778 7.443784
1 0 0 0.5 6.048936 8.830209 7.581758
u 6.048936 8.830209 7.581758
d 6.618774 7.617542 6.79812
1 0 0 0.5 6.766996 7.475748 6.708093
1 0 0 0.5 6.891024 7.370073 6.632547
1 0 0 0.5 7.012721 7.273654 6.558779
1 0 0 0.5 7.118174 7.184746 6.495103
1 0 0 0.5 7.215961 7.10254 6.437494
1 0 0 0.5 7.294819 7.046628 6.39036
1 0 0 0.5 7.368546 7.009175 6.344781
1 0 0 0.5 7.396206 7.004015 6.326916
1 0 0 0.5 7.4762 7.02114 6.277804
1 0 0 0.5 7.525805 7.067866 6.254025
1 0 0 0.5 7.583244 7.143821 6.232143
1 0 0 0.5 7.652122 7.249412 6.216305
1 0 0 0.5 7.740332 7.390939 6.211602
1 0 0 0.5 7.839213 7.545183 6.225034
1 0 0 0.5 7.967204 7.721938 6.262036
1 0 0 0.5 8.103474 7.897595 6.323747
1 0 0 0.5 8.213518 8.036872 6.39227
1 0 0 0.5 8.313951 8.170834 6.475951
1 0 0 0.5 8.392675 8.265275 6.553248
1 0 0 0.5 8.464617 8.342218 6.635406
1 0 0 0.5 8.523809 8.399531 6.714161
1 0 0 0.5 8.555506 8.433896 6.776554
1 0 0 0.5 8.568708 8.454727 6.82722
1 0 0 0.5 8.565404 8.4629 6.855544
1 0 0 0.5 8.551186 8.466309 6.874295
1 0 0 0.5 8.529496 8.46399 6.886872
1 0 0 0.5 8.504019 8.454604 6.896379
1 0 0 0.5 8.481741 8.442309 6.903312
1 0 0 0.5 8.461691 8.42481 6.908451
1 0 0 0.5 8.44171 8.402384 6.907465
1 0 0 0.5 8.418126 8.376795 6.895265
1 0 0 0.5 8.384584 8.345919 6.867424
1 0 0 0.5 8.340793 8.308904 6.826327
u 8.340793 8.308904 6.826327
d 7.756205 7.810987 6.384992
1 0 0 0.5 7.670517 7.734013 6.355967
1 0 0 0.5 7.597625 7.64638 6.320194
1 0 0 0.5 7.540422 7.580751 6.297646
1 0 0 0.5 7.487894 7.51867 6.277123
1 0 0 0.5 7.468865 7.48795 6.264656
1 0 0 0.5 7.404032 7.409668 6.235266
1 0 0 0.5 7.337757 7.376674 6.208482
1 0 0 0.5 7.231702 7.371721 6.179111
1 0 0 0.5 7.097615 7.392663 6.161972
1 0 0 0.5 6.969848 7.424416 6.160303
1 0 0 0.5 6.767511 7.479926 6.180104
1 0 0 0.5 6.571234 7.53825 6.22241
1 0 0 0.5 6.417108 7.591343 6.268635
1 0 0 0.5 6.288847 7.641305 6.31513
1 0 0 0.5 6.228195 7.669417 6.333789
1 0 0 0.5 6.100583 7.730599 6.388556
1 0 0 0.5 6.032379 7.766805 6.419458
1 0 0 0.5 5.996082 7.794809 6.446162
1 0 0 0.5 5.93679 7.870873 6.521929
1 0 0 0.5 5.915055 7.928929 6.607506
1 0 0 0.5 5.934084 7.997313 6.702912
1 0 0 0.5 5.982394 8.031263 6.775179
1 0 0 0.5 6.046053 8.034417 6.854945
1 0 0 0.5 6.107918 7.996064 6.915556
1 0 0 0.5 6.175571 7.910199 6.956467
u 6.175571 7.910199 6.956467
d 7.16785 6.158027 7.219147
1 0 0 0.5 7.295523 6.046952 7.250565
1 0 0 0.5 7.428229 5.961971 7.262638
1 0 0 0.5 7.540572 5.919835 7.257871
1 0 0 0.5 7.629802 5.894051 7.267692
1 0 0 0.5 7.724024 5.853869 7.291851
1 0 0 0.5 7.792117 5.826785 7.319859
1 0 0 0.5 7.841201 5.816979 7.341039
1 0 0 0.5 7.856259 5.816794 7.350692
1 0 0 0.5 7.869546 5.841592 7.376776
1 0 0 0.5 7.843899 5.885595 7.398949
1 0 0 0.5 7.801337 5.964425 7.416712
1 0 0 0.5 7.746914 6.069708 7.4261
1 0 0 0.5 7.682398 6.213671 7.433528
1 0 0 0.5 7.619137 6.391621 7.434901
1 0 0 0.5 7.573254 6.560245 7.436765
1 0 0 0.5 7.532848 6.756441 7.4393
1 0 0 0.5 7.509461 6.938744 7.440029
1 0 0 0.5 7.495468 7.127039 7.446951
1 0 0 0.5 7.490625 7.266397 7.461625
1 0 0 0.5 7.492497 7.397467 7.48461
1 0 0 0.5 7.50518 7.501759 7.509185
1 0 0 0.5 7.522966 7.581371 7.536374
1 0 0 0.5 7.540529 7.632584 7.572704
1 0 0 0.5 7.563094 7.654131 7.611238
1 0 0 0.5 7.586369 7.647477 7.648265
1 0 0 0.5 7.608716 7.609789 7.685985
1 0 0 0.5 7.627275 7.532915 7.717825
1 0 0 0.5 7.636709 7.431066 7.738698
1 0 0 0.5 7.641531 7.306685 7.74918
1 0 0 0.5 7.648472 7.153525 7.728256
1 0 0 0.5 7.667878 6.980575 7.683527
u 7.667878 6.980575 7.683527
d 7.878426 6.570028 7.482702
1 0 0 0.5 7.922445 6.618107 7.448314
1 0 0 0.5 7.958893 6.667705 7.410422
1 0 0 0.5 7.986074 6.73476 7.380333
1 0 0 0.5 8.009872 6.817594 7.353337
1 0 0 0.5 8.025942 6.896214 7.332082
1 0 0 0.5 8.035218 6.973732 7.316129
1 0 0 0.5 8.037842 7.045303 7.305128
1 0 0 0.5 8.036547 7.110013 7.296273
1 0 0 0.5 8.033375 7.167002 7.288953
1 0 0 0.5 8.026066 7.220153 7.285314
1 0 0 0.5 8.011529 7.266361 7.289827
1 0 0 0.5 7.992025 7.290827 7.298644
1 0 0 0.5 7.965818 7.296011 7.308833
1 0 0 0.5 7.933524 7.292278 7.319717
1 0 0 0.5 7.895704 7.292996 7.330676
1 0 0 0.5 7.8434 7.295418 7.34636
1 0 0 0.5 7.781337 7.296468 7.367709
1 0 0 0.5 7.707505 7.295646 7.393542
1 0 0 0.5 7.63556 7.297726 7.421954
1 0 0 0.5 7.541435 7.306275 7.462523
1 0 0 0.5 7.445057 7.329084 7.502946
1 0 0 0.5 7.352036 7.372359 7.537531
1 0 0 0.5 7.267452 7.433032 7.561082
1 0 0 0.5 7.187529 7.507091 7.5746
1 0 0 0.5 7.120083 7.592144 7.580585
1 0 0 0.5 7.067837 7.678451 7.589547
u 7.067837 7.678451 7.589547
d 6.868243 7.659596 7.727556
1 0 0 0.5 6.886723 7.578719 7.711259
1 0 0 0.5 6.911536 7.477074 7.682562
1 0 0 0.5 6.942091 7.385554 7.652415
1 0 0 0.5 6.956354 7.334089 7.637816
1 0 0 0.5 7.001232 7.236918 7.596265
1 0 0 0.5 7.040242 7.181714 7.554896
1 0 0 0.5 7.084429 7.138764 7.500493
1 0 0 0.5 7.128522 7.113995 7.442564
1 0 0 0.5 7.179483 7.102169 7.37333
1 0 0 0.5 7.237232 7.101316 7.292296
1 0 0 0.5 7.292527 7.109792 7.212625
1 0 0 0.5 7.352891 7.127391 7.124246
1 0 0 0.5 7.418899 7.156541 7.026994
1 0 0 0.5 7.470006 7.183638 6.955394
1 0 0 0.5 7.586045 7.247028 6.79528
1 0 0 0.5 7.681947 7.304285 6.677358
1 0 0 0.5 7.762226 7.37835 6.56913
1 0 0 0.5 7.810298 7.469356 6.470952
1 0 0 0.5 7.821173 7.569152 6.397853
1 0 0 0.5 7.828559 7.675695 6.341569
1 0 0 0.5 7.836415 7.795282 6.290752
1 0 0 0.5 7.825113 7.947824 6.244197
1 0 0 0.5 7.805503 8.073226 6.219059
1 0 0 0.5 7.78509 8.199845 6.203343
1 0 0 0.5 7.768854 8.329056 6.195481
1 0 0 0.5 7.749954 8.442556 6.195247
1 0 0 0.5 7.714003 8.58467 6.212705
1 0 0 0.5 7.679783 8.701575 6.238551
1 0 0 0.5 7.651206 8.815468 6.266907
1 0 0 0.5 7.623558 8.924675 6.30221
1 0 0 0.5 7.593633 9.030904 6.342183
1 0 0 0.5 7.560246 9.13398 6.388822
1 0 0 0.5 7.529384 9.219556 6.431364
1 0 0 0.5 7.494446 9.324473 6.488409
1 0 0 0.5 7.465484 9.409407 6.539115
1 0 0 0.5 7.440192 9.501731 6.586174
1 0 0 0.5 7.421534 9.589271 6.616844
1 0 0 0.5 7.412109 9.664186 6.632895
1 0 0 0.5 7.407156 9.731823 6.6468
1 0 0 0.5 7.405628 9.788336 6.653224
1 0 0 0.5 7.405217 9.82951 6.645919
1 0 0 0.5 7.406333 9.853254 6.608402
u 7.406333 9.853254 6.608402
d 7.230888 6.712803 6.52684
1 0 0 0.5 7.22196 6.674699 6.549412
1 0 0 0.5 7.068106 6.867313 6.455433
1 0 0 0.5 6.970084 6.995129 6.40451
1 0 0 0.5 6.886487 7.104699 6.3638
1 0 0 0.5 6.820657 7.191416 6.336096
1 0 0 0.5 6.692371 7.361766 6.294964
1 0 0 0.5 6.614621 7.474774 6.28161
1 0 0 0.5 6.474396 7.679678 6.265292
1 0 0 0.5 6.368492 7.825389 6.262252
1 0 0 0.5 6.276001 7.954014 6.272951
1 0 0 0.5 6.189713 8.073923 6.29036
1 0 0 0.5 6.126869 8.15769 6.302214
1 0 0 0.5 6.072345 8.225148 6.315139
1 0 0 0.5 6.028512 8.26269 6.32115
1 0 0 0.5 6.017797 8.268418 6.318872
u 6.017797 8.268418 6.318872
d 6.211971 7.518104 6.343801
1 0 0 0.5 6.166893 7.472908 6.313046
1 0 0 0.5 6.102716 7.435335 6.275884
1 0 0 0.5 6.039073 7.412399 6.248689
1 0 0 0.5 5.965948 7.389865 6.21734
1 0 0 0.5 5.913247 7.374554 6.190415
1 0 0 0.5 5.868406 7.361363 6.162928
1 0 0 0.5 5.806961 7.345353 6.126761
1 0 0 0.5 5.756376 7.333507 6.10063
1 0 0 0.5 5.707727 7.324371 6.078379
1 0 0 0.5 5.649438 7.315051 6.053575
1 0 0 0.5 5.582922 7.306781 6.029514
1 0 0 0.5 5.51527 7.297796 6.004824
1 0 0 0.5 5.447642 7.289463 5.980231
1 0 0 0.5 5.36984 7.283363 5.957355
1 0 0 0.5 5.304524 7.280146 5.940279
1 0 0 0.5 5.234009 7.276413 5.922057
1 0 0 0.5 5.15526 7.277242 5.905391
1 0 0 0.5 5.072915 7.287693 5.89363
1 0 0 0.5 5.001562 7.309116 5.887463
1 0 0 0.5 4.92844 7.346025 5.886384
1 0 0 0.5 4.853037 7.396247 5.889566
1 0 0 0.5 4.774374 7.457314 5.895743
1 0 0 0.5 4.697281 7.520667 5.901412
1 0 0 0.5 4.6116 7.584031 5.900154
1 0 0 0.5 4.519129 7.631613 5.891212
1 0 0 0.5 4.412101 7.66625 5.880226
1 0 0 0.5 4.291205 7.688324 5.871162
1 0 0 0.5 4.145589 7.688951 5.858667
u 4.145589 7.688951 5.858667
d 3.859339 7.36574 5.5928
1 0 0 0.5 3.967641 7.40274 5.533066
1 0 0 0.5 4.138842 7.421494 5.406264
1 0 0 0.5 4.341607 7.449572 5.289423
1 0 0 0.5 4.592205 7.472963 5.16737
1 0 0 0.5 4.836104 7.490022 5.062039
1 0 0 0.5 5.112179 7.508384 4.95296
1 0 0 0.5 5.370177 7.526563 4.863651
1 0 0 0.5 5.62723 7.53421 4.786797
1 0 0 0.5 5.907531 7.52705 4.710248
1 0 0 0.5 6.211858 7.506501 4.643061
1 0 0 0.5 6.593612 7.4748 4.577036
u 6.593612 7.4748 4.577036
d 8.648762 7.392303 4.723873
1 0 0 0.5 8.902061 7.424201 4.822842
1 0 0 0.5 9.163264 7.445664 4.942585
1 0 0 0.5 9.377625 7.469914 5.060196
1 0 0 0.5 9.568598 7.497533 5.180586
1 0 0 0.5 9.739044 7.528486 5.308325
1 0 0 0.5 9.91234 7.569269 5.467929
1 0 0 0.5 10.04933 7.615123 5.629649
1 0 0 0.5 10.1568 7.669052 5.801913
1 0 0 0.5 10.23448 7.723894 5.959488
1 0 0 0.5 10.29373 7.778764 6.121274
1 0 0 0.5 10.32886 7.825145 6.260173
1 0 0 0.5 10.35061 7.866016 6.383961
1 0 0 0.5 10.35612 7.898598 6.497657
1 0 0 0.5 10.34842 7.916141 6.578283
1 0 0 0.5 10.33381 7.922323 6.636785
1 0 0 0.5 10.3191 7.918067 6.675215
1 0 0 0.5 10.3039 7.903458 6.699751
1 0 0 0.5 10.28538 7.884178 6.71921
1 0 0 0.5 10.26343 7.865035 6.733482
1 0 0 0.5 10.2383 7.844537 6.749651
1 0 0 0.5 10.20941 7.818399 6.762298
1 0 0 0.5 10.17545 7.785793 6.781346
1 0 0 0.5 10.13658 7.747894 6.819968
1 0 0 0.5 10.08995 7.689709 6.866344
u 10.08995 7.689709 6.866344
d 9.498758 7.473212 6.793481
1 0 0 0.5 9.341476 7.439372 6.815835
1 0 0 0.5 9.261677 7.399178 6.83429
1 0 0 0.5 9.105427 7.358171 6.894102
1 0 0 0.5 8.960623 7.340281 6.920268
1 0 0 0.5 8.804307 7.340493 6.935222
1 0 0 0.5 8.635939 7.354242 6.944944
1 0 0 0.5 8.438827 7.378245 6.956605
1 0 0 0.5 8.251833 7.404172 6.975887
1 0 0 0.5 8.063469 7.432014 7.003859
1 0 0 0.5 7.897943 7.461028 7.037921
1 0 0 0.5 7.708564 7.500387 7.086229
1 0 0 0.5 7.594304 7.529581 7.12219
1 0 0 0.5 7.410195 7.581954 7.201627
1 0 0 0.5 7.288946 7.6135 7.269996
1 0 0 0.5 7.185099 7.645584 7.347655
1 0 0 0.5 7.112363 7.676056 7.422035
1 0 0 0.5 7.053672 7.708633 7.499449
1 0 0 0.5 7.005526 7.747611 7.581857
1 0 0 0.5 6.983516 7.777204 7.64327
1 0 0 0.5 6.96204 7.823072 7.765264
u 6.96204 7.823072 7.765264
d 7.263792 7.557384 7.979564
1 0 0 0.5 7.421772 7.443144 7.876219
1 0 0 0.5 7.486979 7.392654 7.823456
1 0 0 0.5 7.670861 7.27309 7.695764
1 0 0 0.5 7.732064 7.24003 7.648569
1 0 0 0.5 7.985579 7.14864 7.472945
1 0 0 0.5 8.210232 7.095205 7.335034
1 0 0 0.5 8.445688 7.065316 7.213763
1 0 0 0.5 8.649858 7.050587 7.126266
1 0 0 0.5 8.714751 7.047926 7.102524
1 0 0 0.5 8.966579 7.056053 7.020125
1 0 0 0.5 9.111176 7.080671 6.98806
1 0 0 0.5 9.208989 7.104493 6.970984
1 0 0 0.5 9.261429 7.132235 6.954776
u 9.261429 7.132235 6.954776
d 7.918584 7.170016 7.198467
1 0 0 0.5 7.725323 7.146732 7.299872
1 0 0 0.5 7.588446 7.064521 7.367423
1 0 0 0.5 7.474797 7.007508 7.429486
1 0 0 0.5 7.349349 6.95079 7.502078
1 0 0 0.5 7.234362 6.892219 7.567337
1 0 0 0.5 7.130574 6.852703 7.620571
1 0 0 0.5 7.033968 6.835638 7.676082
1 0 0 0.5 6.94567 6.820296 7.73646
1 0 0 0.5 6.862176 6.805354 7.801061
1 0 0 0.5 6.809614 6.798659 7.844559
1 0 0 0.5 6.729051 6.78703 7.921671
1 0 0 0.5 6.673369 6.769745 7.985067
1 0 0 0.5 6.640305 6.74892 8.026744
u 6.640305 6.74892 8.026744
d 6.882309 6.488373 7.734256
1 0 0 0.5 6.989094 6.472933 7.616302
1 0 0 0.5 7.077682 6.455189 7.524137
1 0 0 0.5 7.161551 6.440281 7.440073
1 0 0 0.5 7.244903 6.434795 7.350013
1 0 0 0.5 7.305326 6.445573 7.273741
1 0 0 0.5 7.350903 6.471094 7.204919
1 0 0 0.5 7.370245 6.498758 7.162883
1 0 0 0.5 7.391579 6.574836 7.086057
1 0 0 0.5 7.402862 6.649108 7.026004
1 0 0 0.5 7.411617 6.714008 6.980155
1 0 0 0.5 7.418634 6.792019 6.92798
1 0 0 0.5 7.420242 6.876984 6.871348
1 0 0 0.5 7.4194 6.954967 6.818969
1 0 0 0.5 7.41659 7.038845 6.763931
1 0 0 0.5 7.410087 7.136053 6.707227
1 0 0 0.5 7.399608 7.241853 6.657899
1 0 0 0.5 7.391035 7.320961 6.63238
1 0 0 0.5 7.36449 7.518322 6.585649
1 0 0 0.5 7.343522 7.680572 6.574564
1 0 0 0.5 7.317015 7.859158 6.58339
1 0 0 0.5 7.288494 8.015971 6.607579
u 7.288494 8.015971 6.607579
d 6.927103 8.094195 7.023037
1 0 0 0.5 6.95169 7.991409 7.026909
1 0 0 0.5 6.974413 7.925037 7.04418
1 0 0 0.5 6.97576 7.867405 7.072423
1 0 0 0.5 6.989738 7.767092 7.107081
1 0 0 0.5 7.002791 7.701459 7.125766
1 0 0 0.5 7.01564 7.648237 7.148292
1 0 0 0.5 7.024915 7.617141 7.163973
1 0 0 0.5 7.043029 7.569922 7.194457
1 0 0 0.5 7.058253 7.544136 7.21346
1 0 0 0.5 7.073196 7.526609 7.233294
1 0 0 0.5 7.085188 7.517379 7.25408
1 0 0 0.5 7.096597 7.517097 7.273028
1 0 0 0.5 7.113389 7.521666 7.308134
1 0 0 0.5 7.124407 7.526061 7.32218
1 0 0 0.5 7.147615 7.539709 7.351716
1 0 0 0.5 7.174687 7.558916 7.373525
1 0 0 0.5 7.202286 7.575176 7.388778
1 0 0 0.5 7.244863 7.594719 7.401701
1 0 0 0.5 7.273839 7.604595 7.404114
1 0 0 0.5 7.335047 7.63063 7.410599
1 0 0 0.5 7.368693 7.644342 7.408679
1 0 0 0.5 7.442256 7.670198 7.400045
1 0 0 0.5 7.496945 7.685073 7.386804
u 7.496945 7.685073 7.386804
